edge=(40,41)
  v0=(100,-33,5,-100)
  v1=(100,-58,25,-100)
triangles using this edge:
  tri 52: (200,-67,-100)|(100,-33,5,-100)|(100,-58,25,-100)
edge=(42,43)
  v0=(-100,25,25,-100)
  v1=(-100,33,5,-100)
triangles using this edge:
  tri 54: (-100,25,25,-100)|(-100,33,5,-100)|(-200,67,-100)
edge=(42,44)
  v0=(-100,25,25,-100)
  v1=(-100,-100,-100)
triangles using this edge:
  tri 55: (-200,-100,-100)|(-100,-100,-100)|(-100,25,25,-100)
edge=(41,45)
  v0=(100,-58,25,-100)
  v1=(100,-100,-100)
triangles using this edge:
  tri 57: (100,-58,25,-100)|(100,-100,-100)|(200,-100,-100)
edge=(43,51)
  v0=(-100,33,5,-100)
  v1=(-100,58,25,-100)
triangles using this edge:
  tri 65: (-200,67,-100)|(-100,33,5,-100)|(-100,58,25,-100)
edge=(40,52)
  v0=(100,-33,5,-100)
  v1=(100,-25,25,-100)
triangles using this edge:
  tri 67: (100,-25,25,-100)|(100,-33,5,-100)|(200,-67,-100)
edge=(52,53)
  v0=(100,-25,25,-100)
  v1=(100,100,-100)
triangles using this edge:
  tri 68: (200,100,-100)|(100,100,-100)|(100,-25,25,-100)
edge=(51,54)
  v0=(-100,58,25,-100)
  v1=(-100,100,-100)
triangles using this edge:
  tri 70: (-100,58,25,-100)|(-100,100,-100)|(-200,100,-100)
edge=(60,65)
  v0=(100,100,100)
  v1=(100,75,25,100)
triangles using this edge:
  tri 85: (200,100,100)|(100,100,100)|(100,75,25,100)
  tri 88: (100,75,25,100)|(100,100,100)|(33,333333333333314,100,100)
  tri 177: (27,088402270884032,81,26520681265208,100)|(100,75,25000000000003,100)|(99,99999999999997,99,99999999999991,100)
edge=(66,67)
  v0=(33,333333333333314,100,100)
  v1=(27,088402270884018,81,26520681265207,100)
triangles using this edge:
  tri 87: (33,333333333333314,100,100)|(27,088402270884018,81,26520681265207,100)|(100,75,25,100)
  tri 90: (27,088402270884018,81,26520681265207,100)|(33,333333333333314,100,100)|(-100,100,100)
  tri 158: (-100,91,74999999999997,100)|(27,088402270884007,81,26520681265208,100)|(33,33333333333332,99,99999999999999,100)
  tri 176: (99,99999999999997,99,99999999999991,100)|(33,33333333333334,100,00000000000006,100)|(27,088402270884032,81,26520681265208,100)
edge=(65,67)
  v0=(100,75,25,100)
  v1=(27,088402270884018,81,26520681265207,100)
triangles using this edge:
  tri 87: (33,333333333333314,100,100)|(27,088402270884018,81,26520681265207,100)|(100,75,25,100)
  tri 96: (100,33,5,100)|(100,75,25,100)|(27,088402270884004,81,26520681265205,100)
  tri 174: (100,75,25000000000003,100)|(27,088402270884032,81,26520681265208,100)|(0,0,100)
  tri 177: (27,088402270884032,81,26520681265208,100)|(100,75,25000000000003,100)|(99,99999999999997,99,99999999999991,100)
edge=(60,66)
  v0=(100,100,100)
  v1=(33,333333333333314,100,100)
triangles using this edge:
  tri 88: (100,75,25,100)|(100,100,100)|(33,333333333333314,100,100)
  tri 176: (99,99999999999997,99,99999999999991,100)|(33,33333333333334,100,00000000000006,100)|(27,088402270884032,81,26520681265208,100)
  tri 179: (33,33333333333334,100,00000000000006,100)|(99,99999999999997,99,99999999999991,100)|(99,99999999999999,199,99999999999994,100)
edge=(63,68)
  v0=(-100,100,100)
  v1=(-100,91,75,100)
triangles using this edge:
  tri 89: (-100,100,100)|(-100,91,75,100)|(27,088402270884018,81,26520681265207,100)
  tri 91: (-100,91,75,100)|(-100,100,100)|(-200,100,100)
  tri 157: (33,33333333333332,99,99999999999999,100)|(-100,99,99999999999999,100)|(-100,91,74999999999997,100)
edge=(67,68)
  v0=(27,088402270884018,81,26520681265207,100)
  v1=(-100,91,75,100)
triangles using this edge:
  tri 89: (-100,100,100)|(-100,91,75,100)|(27,088402270884018,81,26520681265207,100)
  tri 94: (0,0,100)|(27,088402270884004,81,26520681265205,100)|(-100,91,75,100)
  tri 155: (27,088402270884007,81,26520681265208,100)|(-100,91,74999999999997,100)|(-100,-33,5,100)
  tri 158: (-100,91,74999999999997,100)|(27,088402270884007,81,26520681265208,100)|(33,33333333333332,99,99999999999999,100)
edge=(63,66)
  v0=(-100,100,100)
  v1=(33,333333333333314,100,100)
triangles using this edge:
  tri 90: (27,088402270884018,81,26520681265207,100)|(33,333333333333314,100,100)|(-100,100,100)
  tri 157: (33,33333333333332,99,99999999999999,100)|(-100,99,99999999999999,100)|(-100,91,74999999999997,100)
  tri 160: (-100,99,99999999999999,100)|(33,33333333333332,99,99999999999999,100)|(66,66666666666666,199,99999999999994,100)
edge=(68,69)
  v0=(-100,91,75,100)
  v1=(-100,-33,5,100)
triangles using this edge:
  tri 92: (-200,-67,100)|(-100,-33,5,100)|(-100,91,75,100)
  tri 95: (-100,91,75,100)|(-100,-33,5,100)|(0,0,100)
  tri 155: (27,088402270884007,81,26520681265208,100)|(-100,91,74999999999997,100)|(-100,-33,5,100)
edge=(67,70)
  v0=(27,088402270884018,81,26520681265207,100)
  v1=(0,0,100)
triangles using this edge:
  tri 94: (0,0,100)|(27,088402270884004,81,26520681265205,100)|(-100,91,75,100)
  tri 97: (27,088402270884004,81,26520681265205,100)|(0,0,100)|(100,33,5,100)
  tri 156: (-100,-33,5,100)|(0,0,100)|(27,088402270884007,81,26520681265208,100)
  tri 174: (100,75,25000000000003,100)|(27,088402270884032,81,26520681265208,100)|(0,0,100)
edge=(69,70)
  v0=(-100,-33,5,100)
  v1=(0,0,100)
triangles using this edge:
  tri 95: (-100,91,75,100)|(-100,-33,5,100)|(0,0,100)
  tri 111: (-27,088402270884004,-81,26520681265205,100)|(0,0,100)|(-100,-33,5,100)
  tri 153: (0,0,100)|(-100,-33,5,100)|(-100,-75,24999999999999,100)
  tri 156: (-100,-33,5,100)|(0,0,100)|(27,088402270884007,81,26520681265208,100)
edge=(65,71)
  v0=(100,75,25,100)
  v1=(100,33,5,100)
triangles using this edge:
  tri 96: (100,33,5,100)|(100,75,25,100)|(27,088402270884004,81,26520681265205,100)
  tri 98: (100,75,25,100)|(100,33,5,100)|(200,67,100)
  tri 175: (0,0,100)|(100,33,50000000000003,100)|(100,75,25000000000003,100)
edge=(70,71)
  v0=(0,0,100)
  v1=(100,33,5,100)
triangles using this edge:
  tri 97: (27,088402270884004,81,26520681265205,100)|(0,0,100)|(100,33,5,100)
  tri 109: (100,-91,75,100)|(100,33,5,100)|(0,0,100)
  tri 172: (100,33,50000000000003,100)|(0,0,100)|(-27,088402270884004,-81,26520681265208,100)
  tri 175: (0,0,100)|(100,33,50000000000003,100)|(100,75,25000000000003,100)
edge=(71,77)
  v0=(100,33,5,100)
  v1=(100,-91,75,100)
triangles using this edge:
  tri 106: (200,67,100)|(100,33,5,100)|(100,-91,75,100)
  tri 109: (100,-91,75,100)|(100,33,5,100)|(0,0,100)
  tri 173: (-27,088402270884004,-81,26520681265208,100)|(100,-91,75000000000001,100)|(100,33,50000000000003,100)
edge=(70,78)
  v0=(0,0,100)
  v1=(-27,088402270884004,-81,26520681265205,100)
triangles using this edge:
  tri 108: (0,0,100)|(-27,088402270884004,-81,26520681265205,100)|(100,-91,75,100)
  tri 111: (-27,088402270884004,-81,26520681265205,100)|(0,0,100)|(-100,-33,5,100)
  tri 154: (-100,-75,24999999999999,100)|(-27,088402270884032,-81,26520681265208,100)|(0,0,100)
  tri 172: (100,33,50000000000003,100)|(0,0,100)|(-27,088402270884004,-81,26520681265208,100)
edge=(77,78)
  v0=(100,-91,75,100)
  v1=(-27,088402270884004,-81,26520681265205,100)
triangles using this edge:
  tri 108: (0,0,100)|(-27,088402270884004,-81,26520681265205,100)|(100,-91,75,100)
  tri 117: (100,-100,100)|(100,-91,75,100)|(-27,088402270884018,-81,26520681265207,100)
  tri 170: (100,-91,75000000000001,100)|(-27,088402270884004,-81,26520681265208,100)|(-33,333333333333314,-99,99999999999994,100)
  tri 173: (-27,088402270884004,-81,26520681265208,100)|(100,-91,75000000000001,100)|(100,33,50000000000003,100)
edge=(69,79)
  v0=(-100,-33,5,100)
  v1=(-100,-75,25,100)
triangles using this edge:
  tri 110: (-100,-33,5,100)|(-100,-75,25,100)|(-27,088402270884004,-81,26520681265205,100)
  tri 112: (-100,-75,25,100)|(-100,-33,5,100)|(-200,-67,100)
  tri 153: (0,0,100)|(-100,-33,5,100)|(-100,-75,24999999999999,100)
edge=(78,79)
  v0=(-27,088402270884004,-81,26520681265205,100)
  v1=(-100,-75,25,100)
triangles using this edge:
  tri 110: (-100,-33,5,100)|(-100,-75,25,100)|(-27,088402270884004,-81,26520681265205,100)
  tri 115: (-33,333333333333314,-100,100)|(-27,088402270884018,-81,26520681265207,100)|(-100,-75,25,100)
  tri 151: (-27,088402270884032,-81,26520681265208,100)|(-100,-75,24999999999999,100)|(-100,-100,00000000000006,100)
  tri 154: (-100,-75,24999999999999,100)|(-27,088402270884032,-81,26520681265208,100)|(0,0,100)
edge=(72,79)
  v0=(-100,-100,100)
  v1=(-100,-75,25,100)
triangles using this edge:
  tri 113: (-200,-100,100)|(-100,-100,100)|(-100,-75,25,100)
  tri 116: (-100,-75,25,100)|(-100,-100,100)|(-33,333333333333314,-100,100)
  tri 151: (-27,088402270884032,-81,26520681265208,100)|(-100,-75,24999999999999,100)|(-100,-100,00000000000006,100)
edge=(78,80)
  v0=(-27,088402270884004,-81,26520681265205,100)
  v1=(-33,333333333333314,-100,100)
triangles using this edge:
  tri 115: (-33,333333333333314,-100,100)|(-27,088402270884018,-81,26520681265207,100)|(-100,-75,25,100)
  tri 118: (-27,088402270884018,-81,26520681265207,100)|(-33,333333333333314,-100,100)|(100,-100,100)
  tri 152: (-100,-100,00000000000006,100)|(-33,333333333333336,-100,00000000000004,100)|(-27,088402270884032,-81,26520681265208,100)
  tri 170: (100,-91,75000000000001,100)|(-27,088402270884004,-81,26520681265208,100)|(-33,333333333333314,-99,99999999999994,100)
edge=(72,80)
  v0=(-100,-100,100)
  v1=(-33,333333333333314,-100,100)
triangles using this edge:
  tri 116: (-100,-75,25,100)|(-100,-100,100)|(-33,333333333333314,-100,100)
  tri 149: (-33,333333333333336,-100,00000000000004,100)|(-100,-100,00000000000006,100)|(-100,-200,100)
  tri 152: (-100,-100,00000000000006,100)|(-33,333333333333336,-100,00000000000004,100)|(-27,088402270884032,-81,26520681265208,100)
edge=(75,77)
  v0=(100,-100,100)
  v1=(100,-91,75,100)
triangles using this edge:
  tri 117: (100,-100,100)|(100,-91,75,100)|(-27,088402270884018,-81,26520681265207,100)
  tri 119: (100,-91,75,100)|(100,-100,100)|(200,-100,100)
  tri 171: (-33,333333333333314,-99,99999999999994,100)|(100,-100,00000000000001,100)|(100,-91,75000000000001,100)
edge=(75,80)
  v0=(100,-100,100)
  v1=(-33,333333333333314,-100,100)
triangles using this edge:
  tri 118: (-27,088402270884018,-81,26520681265207,100)|(-33,333333333333314,-100,100)|(100,-100,100)
  tri 168: (100,-100,00000000000001,100)|(-33,333333333333314,-99,99999999999994,100)|(-66,66666666666669,-200,100)
  tri 171: (-33,333333333333314,-99,99999999999994,100)|(100,-100,00000000000001,100)|(100,-91,75000000000001,100)
edge=(44,81)
  v0=(-100,-100,-100)
  v1=(33,33333333333332,-99,99999999999999,-100)
triangles using this edge:
  tri 120: (33,33333333333332,-99,99999999999999,-100)|(-100,-99,99999999999999,-100)|(-100,-200,-100)
edge=(54,82)
  v0=(-100,100,-100)
  v1=(-33,333333333333336,100,00000000000001,-100)
triangles using this edge:
  tri 123: (-100,100,00000000000003,-100)|(-33,333333333333336,100,00000000000001,-100)|(-66,66666666666669,199,99999999999994,-100)
edge=(45,81)
  v0=(100,-100,-100)
  v1=(33,33333333333332,-99,99999999999999,-100)
triangles using this edge:
  tri 131: (99,99999999999999,-99,99999999999999,-99,99999999999999)|(33,33333333333332,-99,99999999999999,-100)|(66,66666666666674,-200,-100)
edge=(53,82)
  v0=(100,100,-100)
  v1=(-33,333333333333336,100,00000000000001,-100)
triangles using this edge:
  tri 134: (-33,33333333333334,100,00000000000003,-100)|(99,99999999999997,100,00000000000003,-100)|(100,199,99999999999994,-100)
