edge=(40,41) count=1
  v0=(100,-33,5,-100)
  v1=(100,-58,25,-100)
  tri 52 source: (200,-67,-100)|(100,-33,5,-100)|(100,-58,25,-100)
edge=(42,43) count=1
  v0=(-100,25,25,-100)
  v1=(-100,33,5,-100)
  tri 54 source: (-100,25,25,-100)|(-100,33,5,-100)|(-200,67,-100)
edge=(42,44) count=1
  v0=(-100,25,25,-100)
  v1=(-100,-100,-100)
  tri 55 source: (-200,-100,-100)|(-100,-100,-100)|(-100,25,25,-100)
edge=(41,45) count=1
  v0=(100,-58,25,-100)
  v1=(100,-100,-100)
  tri 57 source: (100,-58,25,-100)|(100,-100,-100)|(200,-100,-100)
edge=(43,51) count=1
  v0=(-100,33,5,-100)
  v1=(-100,58,25,-100)
  tri 65 source: (-200,67,-100)|(-100,33,5,-100)|(-100,58,25,-100)
edge=(40,52) count=1
  v0=(100,-33,5,-100)
  v1=(100,-25,25,-100)
  tri 67 source: (100,-25,25,-100)|(100,-33,5,-100)|(200,-67,-100)
edge=(52,53) count=1
  v0=(100,-25,25,-100)
  v1=(100,100,-100)
  tri 68 source: (200,100,-100)|(100,100,-100)|(100,-25,25,-100)
edge=(51,54) count=1
  v0=(-100,58,25,-100)
  v1=(-100,100,-100)
  tri 70 source: (-100,58,25,-100)|(-100,100,-100)|(-200,100,-100)
edge=(60,65) count=3
  v0=(100,100,100)
  v1=(100,75,25,100)
  tri 85 source: (200,100,100)|(100,100,100)|(100,75,25,100)
  tri 88 source: (100,75,25,100)|(100,100,100)|(33,333333333333314,100,100)
  tri 177 source: (27,088402270884032,81,26520681265208,100)|(100,75,25000000000003,100)|(99,99999999999997,99,99999999999991,100)
edge=(66,67) count=4
  v0=(33,333333333333314,100,100)
  v1=(27,088402270884018,81,26520681265207,100)
  tri 87 source: (33,333333333333314,100,100)|(27,088402270884018,81,26520681265207,100)|(100,75,25,100)
  tri 90 source: (27,088402270884018,81,26520681265207,100)|(33,333333333333314,100,100)|(-100,100,100)
  tri 158 source: (-100,91,74999999999997,100)|(27,088402270884007,81,26520681265208,100)|(33,33333333333332,99,99999999999999,100)
  tri 176 source: (99,99999999999997,99,99999999999991,100)|(33,33333333333334,100,00000000000006,100)|(27,088402270884032,81,26520681265208,100)
edge=(65,67) count=4
  v0=(100,75,25,100)
  v1=(27,088402270884018,81,26520681265207,100)
  tri 87 source: (33,333333333333314,100,100)|(27,088402270884018,81,26520681265207,100)|(100,75,25,100)
  tri 96 source: (100,33,5,100)|(100,75,25,100)|(27,088402270884004,81,26520681265205,100)
  tri 174 source: (100,75,25000000000003,100)|(27,088402270884032,81,26520681265208,100)|(0,0,100)
  tri 177 source: (27,088402270884032,81,26520681265208,100)|(100,75,25000000000003,100)|(99,99999999999997,99,99999999999991,100)
edge=(60,66) count=3
  v0=(100,100,100)
  v1=(33,333333333333314,100,100)
  tri 88 source: (100,75,25,100)|(100,100,100)|(33,333333333333314,100,100)
  tri 176 source: (99,99999999999997,99,99999999999991,100)|(33,33333333333334,100,00000000000006,100)|(27,088402270884032,81,26520681265208,100)
  tri 179 source: (33,33333333333334,100,00000000000006,100)|(99,99999999999997,99,99999999999991,100)|(99,99999999999999,199,99999999999994,100)
edge=(63,68) count=3
  v0=(-100,100,100)
  v1=(-100,91,75,100)
  tri 89 source: (-100,100,100)|(-100,91,75,100)|(27,088402270884018,81,26520681265207,100)
  tri 91 source: (-100,91,75,100)|(-100,100,100)|(-200,100,100)
  tri 157 source: (33,33333333333332,99,99999999999999,100)|(-100,99,99999999999999,100)|(-100,91,74999999999997,100)
edge=(67,68) count=4
  v0=(27,088402270884018,81,26520681265207,100)
  v1=(-100,91,75,100)
  tri 89 source: (-100,100,100)|(-100,91,75,100)|(27,088402270884018,81,26520681265207,100)
  tri 94 source: (0,0,100)|(27,088402270884004,81,26520681265205,100)|(-100,91,75,100)
  tri 155 source: (27,088402270884007,81,26520681265208,100)|(-100,91,74999999999997,100)|(-100,-33,5,100)
  tri 158 source: (-100,91,74999999999997,100)|(27,088402270884007,81,26520681265208,100)|(33,33333333333332,99,99999999999999,100)
edge=(63,66) count=3
  v0=(-100,100,100)
  v1=(33,333333333333314,100,100)
  tri 90 source: (27,088402270884018,81,26520681265207,100)|(33,333333333333314,100,100)|(-100,100,100)
  tri 157 source: (33,33333333333332,99,99999999999999,100)|(-100,99,99999999999999,100)|(-100,91,74999999999997,100)
  tri 160 source: (-100,99,99999999999999,100)|(33,33333333333332,99,99999999999999,100)|(66,66666666666666,199,99999999999994,100)
edge=(68,69) count=3
  v0=(-100,91,75,100)
  v1=(-100,-33,5,100)
  tri 92 source: (-200,-67,100)|(-100,-33,5,100)|(-100,91,75,100)
  tri 95 source: (-100,91,75,100)|(-100,-33,5,100)|(0,0,100)
  tri 155 source: (27,088402270884007,81,26520681265208,100)|(-100,91,74999999999997,100)|(-100,-33,5,100)
edge=(67,70) count=4
  v0=(27,088402270884018,81,26520681265207,100)
  v1=(0,0,100)
  tri 94 source: (0,0,100)|(27,088402270884004,81,26520681265205,100)|(-100,91,75,100)
  tri 97 source: (27,088402270884004,81,26520681265205,100)|(0,0,100)|(100,33,5,100)
  tri 156 source: (-100,-33,5,100)|(0,0,100)|(27,088402270884007,81,26520681265208,100)
  tri 174 source: (100,75,25000000000003,100)|(27,088402270884032,81,26520681265208,100)|(0,0,100)
edge=(69,70) count=4
  v0=(-100,-33,5,100)
  v1=(0,0,100)
  tri 95 source: (-100,91,75,100)|(-100,-33,5,100)|(0,0,100)
  tri 111 source: (-27,088402270884004,-81,26520681265205,100)|(0,0,100)|(-100,-33,5,100)
  tri 153 source: (0,0,100)|(-100,-33,5,100)|(-100,-75,24999999999999,100)
  tri 156 source: (-100,-33,5,100)|(0,0,100)|(27,088402270884007,81,26520681265208,100)
edge=(65,71) count=3
  v0=(100,75,25,100)
  v1=(100,33,5,100)
  tri 96 source: (100,33,5,100)|(100,75,25,100)|(27,088402270884004,81,26520681265205,100)
  tri 98 source: (100,75,25,100)|(100,33,5,100)|(200,67,100)
  tri 175 source: (0,0,100)|(100,33,50000000000003,100)|(100,75,25000000000003,100)
edge=(70,71) count=4
  v0=(0,0,100)
  v1=(100,33,5,100)
  tri 97 source: (27,088402270884004,81,26520681265205,100)|(0,0,100)|(100,33,5,100)
  tri 109 source: (100,-91,75,100)|(100,33,5,100)|(0,0,100)
  tri 172 source: (100,33,50000000000003,100)|(0,0,100)|(-27,088402270884004,-81,26520681265208,100)
  tri 175 source: (0,0,100)|(100,33,50000000000003,100)|(100,75,25000000000003,100)
edge=(71,77) count=3
  v0=(100,33,5,100)
  v1=(100,-91,75,100)
  tri 106 source: (200,67,100)|(100,33,5,100)|(100,-91,75,100)
  tri 109 source: (100,-91,75,100)|(100,33,5,100)|(0,0,100)
  tri 173 source: (-27,088402270884004,-81,26520681265208,100)|(100,-91,75000000000001,100)|(100,33,50000000000003,100)
edge=(70,78) count=4
  v0=(0,0,100)
  v1=(-27,088402270884004,-81,26520681265205,100)
  tri 108 source: (0,0,100)|(-27,088402270884004,-81,26520681265205,100)|(100,-91,75,100)
  tri 111 source: (-27,088402270884004,-81,26520681265205,100)|(0,0,100)|(-100,-33,5,100)
  tri 154 source: (-100,-75,24999999999999,100)|(-27,088402270884032,-81,26520681265208,100)|(0,0,100)
  tri 172 source: (100,33,50000000000003,100)|(0,0,100)|(-27,088402270884004,-81,26520681265208,100)
edge=(77,78) count=4
  v0=(100,-91,75,100)
  v1=(-27,088402270884004,-81,26520681265205,100)
  tri 108 source: (0,0,100)|(-27,088402270884004,-81,26520681265205,100)|(100,-91,75,100)
  tri 117 source: (100,-100,100)|(100,-91,75,100)|(-27,088402270884018,-81,26520681265207,100)
  tri 170 source: (100,-91,75000000000001,100)|(-27,088402270884004,-81,26520681265208,100)|(-33,333333333333314,-99,99999999999994,100)
  tri 173 source: (-27,088402270884004,-81,26520681265208,100)|(100,-91,75000000000001,100)|(100,33,50000000000003,100)
edge=(69,79) count=3
  v0=(-100,-33,5,100)
  v1=(-100,-75,25,100)
  tri 110 source: (-100,-33,5,100)|(-100,-75,25,100)|(-27,088402270884004,-81,26520681265205,100)
  tri 112 source: (-100,-75,25,100)|(-100,-33,5,100)|(-200,-67,100)
  tri 153 source: (0,0,100)|(-100,-33,5,100)|(-100,-75,24999999999999,100)
edge=(78,79) count=4
  v0=(-27,088402270884004,-81,26520681265205,100)
  v1=(-100,-75,25,100)
  tri 110 source: (-100,-33,5,100)|(-100,-75,25,100)|(-27,088402270884004,-81,26520681265205,100)
  tri 115 source: (-33,333333333333314,-100,100)|(-27,088402270884018,-81,26520681265207,100)|(-100,-75,25,100)
  tri 151 source: (-27,088402270884032,-81,26520681265208,100)|(-100,-75,24999999999999,100)|(-100,-100,00000000000006,100)
  tri 154 source: (-100,-75,24999999999999,100)|(-27,088402270884032,-81,26520681265208,100)|(0,0,100)
edge=(72,79) count=3
  v0=(-100,-100,100)
  v1=(-100,-75,25,100)
  tri 113 source: (-200,-100,100)|(-100,-100,100)|(-100,-75,25,100)
  tri 116 source: (-100,-75,25,100)|(-100,-100,100)|(-33,333333333333314,-100,100)
  tri 151 source: (-27,088402270884032,-81,26520681265208,100)|(-100,-75,24999999999999,100)|(-100,-100,00000000000006,100)
edge=(78,80) count=4
  v0=(-27,088402270884004,-81,26520681265205,100)
  v1=(-33,333333333333314,-100,100)
  tri 115 source: (-33,333333333333314,-100,100)|(-27,088402270884018,-81,26520681265207,100)|(-100,-75,25,100)
  tri 118 source: (-27,088402270884018,-81,26520681265207,100)|(-33,333333333333314,-100,100)|(100,-100,100)
  tri 152 source: (-100,-100,00000000000006,100)|(-33,333333333333336,-100,00000000000004,100)|(-27,088402270884032,-81,26520681265208,100)
  tri 170 source: (100,-91,75000000000001,100)|(-27,088402270884004,-81,26520681265208,100)|(-33,333333333333314,-99,99999999999994,100)
edge=(72,80) count=3
  v0=(-100,-100,100)
  v1=(-33,333333333333314,-100,100)
  tri 116 source: (-100,-75,25,100)|(-100,-100,100)|(-33,333333333333314,-100,100)
  tri 149 source: (-33,333333333333336,-100,00000000000004,100)|(-100,-100,00000000000006,100)|(-100,-200,100)
  tri 152 source: (-100,-100,00000000000006,100)|(-33,333333333333336,-100,00000000000004,100)|(-27,088402270884032,-81,26520681265208,100)
edge=(75,77) count=3
  v0=(100,-100,100)
  v1=(100,-91,75,100)
  tri 117 source: (100,-100,100)|(100,-91,75,100)|(-27,088402270884018,-81,26520681265207,100)
  tri 119 source: (100,-91,75,100)|(100,-100,100)|(200,-100,100)
  tri 171 source: (-33,333333333333314,-99,99999999999994,100)|(100,-100,00000000000001,100)|(100,-91,75000000000001,100)
edge=(75,80) count=3
  v0=(100,-100,100)
  v1=(-33,333333333333314,-100,100)
  tri 118 source: (-27,088402270884018,-81,26520681265207,100)|(-33,333333333333314,-100,100)|(100,-100,100)
  tri 168 source: (100,-100,00000000000001,100)|(-33,333333333333314,-99,99999999999994,100)|(-66,66666666666669,-200,100)
  tri 171 source: (-33,333333333333314,-99,99999999999994,100)|(100,-100,00000000000001,100)|(100,-91,75000000000001,100)
edge=(44,81) count=1
  v0=(-100,-100,-100)
  v1=(33,33333333333332,-99,99999999999999,-100)
  tri 120 source: (33,33333333333332,-99,99999999999999,-100)|(-100,-99,99999999999999,-100)|(-100,-200,-100)
edge=(54,82) count=1
  v0=(-100,100,-100)
  v1=(-33,333333333333336,100,00000000000001,-100)
  tri 123 source: (-100,100,00000000000003,-100)|(-33,333333333333336,100,00000000000001,-100)|(-66,66666666666669,199,99999999999994,-100)
edge=(45,81) count=1
  v0=(100,-100,-100)
  v1=(33,33333333333332,-99,99999999999999,-100)
  tri 131 source: (99,99999999999999,-99,99999999999999,-99,99999999999999)|(33,33333333333332,-99,99999999999999,-100)|(66,66666666666674,-200,-100)
edge=(53,82) count=1
  v0=(100,100,-100)
  v1=(-33,333333333333336,100,00000000000001,-100)
  tri 134 source: (-33,33333333333334,100,00000000000003,-100)|(99,99999999999997,100,00000000000003,-100)|(100,199,99999999999994,-100)
