edge=(65,68) count=3
  v0=(75,185,07692307692307,2,9525534582394167E-15)
  v1=(75,184,33333333333334,17,33333333333334)
  tri 97 patch=97 side=A source: (75,185,07692307692307,2,9525534582394167E-15)|(72,185,26)|(75,184,33333333333334,17,33333333333334)
  tri 1013 patch=41 side=B source: (75,185,07692307692307,2,9525534582394167E-15)|(69,183,0)|(75,184,33333333333334,17,33333333333334)
  tri 1015 patch=43 side=B source: (75,184,33333333333334,17,33333333333334)|(95,192,0)|(75,185,07692307692307,2,9525534582394167E-15)
  SideSummary=mixed (A=1, B=2)
  triangles using this edge:
    tri 97: (75,185,07692307692307,2,9525534582394167E-15)|(72,185,26)|(75,184,33333333333334,17,33333333333334)
    tri 1013: (75,185,07692307692307,2,9525534582394167E-15)|(69,183,0)|(75,184,33333333333334,17,33333333333334)
    tri 1015: (75,184,33333333333334,17,33333333333334)|(95,192,0)|(75,185,07692307692307,2,9525534582394167E-15)

edge=(69,70) count=3
  v0=(75,183,56,26,000000000000007)
  v1=(75,182,6,31,200000000000006)
  tri 98 patch=98 side=A source: (75,183,56,26,000000000000007)|(72,185,26)|(75,182,6,31,200000000000006)
  tri 1010 patch=38 side=B source: (75,182,6,31,200000000000006)|(78,185,26)|(75,183,56,26)
  tri 1012 patch=40 side=B source: (75,183,56,26)|(63,173,52)|(75,182,6,31,200000000000006)
  SideSummary=mixed (A=1, B=2)
  triangles using this edge:
    tri 98: (75,183,56,26,000000000000007)|(72,185,26)|(75,182,6,31,200000000000006)
    tri 1010: (75,182,6,31,200000000000006)|(78,185,26)|(75,183,56,26)
    tri 1012: (75,183,56,26)|(63,173,52)|(75,182,6,31,200000000000006)

edge=(68,69) count=3
  v0=(75,184,33333333333334,17,33333333333334)
  v1=(75,183,56,26,000000000000007)
  tri 99 patch=99 side=A source: (74,99999999999999,184,33333333333331,17,33333333333334)|(72,185,26)|(75,183,56,25,999999999999996)
  tri 1016 patch=44 side=B source: (75,00000000000001,183,56,26)|(78,185,26)|(75,184,33333333333334,17,333333333333332)
  tri 1018 patch=46 side=B source: (75,184,33333333333334,17,333333333333332)|(53,173,26)|(75,00000000000001,183,56,26)
  SideSummary=mixed (A=1, B=2)
  triangles using this edge:
    tri 99: (74,99999999999999,184,33333333333331,17,33333333333334)|(72,185,26)|(75,183,56,25,999999999999996)
    tri 1016: (75,00000000000001,183,56,26)|(78,185,26)|(75,184,33333333333334,17,333333333333332)
    tri 1018: (75,184,33333333333334,17,333333333333332)|(53,173,26)|(75,00000000000001,183,56,26)

edge=(75,78) count=4
  v0=(75,169,77)
  v1=(75,177,44444444444446,52,44444444444444)
  tri 105 patch=105 side=A source: (75,169,77)|(87,173,52)|(75,177,44444444444446,52,44444444444444)
  tri 106 patch=106 side=A source: (75,169,77)|(75,177,44444444444446,52,44444444444444)|(60,183,53)
  tri 1021 patch=49 side=B source: (75,177,44444444444446,52,44444444444444)|(63,173,52)|(75,169,77)
  tri 1022 patch=50 side=B source: (75,177,44444444444446,52,44444444444444)|(75,169,77)|(90,183,53)
  SideSummary=mixed (A=2, B=2)
  triangles using this edge:
    tri 105: (75,169,77)|(87,173,52)|(75,177,44444444444446,52,44444444444444)
    tri 106: (75,169,77)|(75,177,44444444444446,52,44444444444444)|(60,183,53)
    tri 1021: (75,177,44444444444446,52,44444444444444)|(63,173,52)|(75,169,77)
    tri 1022: (75,177,44444444444446,52,44444444444444)|(75,169,77)|(90,183,53)

edge=(70,77) count=1
  v0=(75,182,6,31,200000000000006)
  v1=(87,173,52)
  tri 111 patch=111 side=A source: (75,177,44444444444446,52,44444444444444)|(87,173,52)|(75,182,60000000000002,31,200000000000003)
  SideSummary=A-only (A=1, B=0)
  triangles using this edge:
    tri 111: (75,177,44444444444446,52,44444444444444)|(87,173,52)|(75,182,60000000000002,31,200000000000003)

edge=(70,78) count=4
  v0=(75,182,6,31,200000000000006)
  v1=(75,177,44444444444446,52,44444444444444)
  tri 111 patch=111 side=A source: (75,177,44444444444446,52,44444444444444)|(87,173,52)|(75,182,60000000000002,31,200000000000003)
  tri 113 patch=113 side=A source: (75,182,60000000000002,31,200000000000003)|(60,183,53)|(75,177,44444444444446,52,44444444444444)
  tri 1028 patch=56 side=B source: (75,182,59999999999997,31,199999999999996)|(63,173,52)|(75,00000000000001,177,44444444444443,52,44444444444444)
  tri 1030 patch=58 side=B source: (75,00000000000001,177,44444444444443,52,44444444444444)|(78,185,26)|(75,182,59999999999997,31,199999999999996)
  SideSummary=mixed (A=2, B=2)
  triangles using this edge:
    tri 111: (75,177,44444444444446,52,44444444444444)|(87,173,52)|(75,182,60000000000002,31,200000000000003)
    tri 113: (75,182,60000000000002,31,200000000000003)|(60,183,53)|(75,177,44444444444446,52,44444444444444)
    tri 1028: (75,182,59999999999997,31,199999999999996)|(63,173,52)|(75,00000000000001,177,44444444444443,52,44444444444444)
    tri 1030: (75,00000000000001,177,44444444444443,52,44444444444444)|(78,185,26)|(75,182,59999999999997,31,199999999999996)

edge=(93,95) count=3
  v0=(75,182,60000000000002,-31,2)
  v1=(75,183,56,-26)
  tri 147 patch=147 side=A source: (75,182,60000000000002,-31,2)|(72,185,-26)|(75,183,56,-26)
  tri 1085 patch=113 side=B source: (75,183,56,-26,000000000000007)|(78,185,-26)|(75,182,6,-31,200000000000006)
  tri 1087 patch=115 side=B source: (75,182,6,-31,200000000000006)|(53,173,-26)|(75,183,56,-26,000000000000007)
  SideSummary=mixed (A=1, B=2)
  triangles using this edge:
    tri 147: (75,182,60000000000002,-31,2)|(72,185,-26)|(75,183,56,-26)
    tri 1085: (75,183,56,-26,000000000000007)|(78,185,-26)|(75,182,6,-31,200000000000006)
    tri 1087: (75,182,6,-31,200000000000006)|(53,173,-26)|(75,183,56,-26,000000000000007)

edge=(65,96) count=3
  v0=(75,185,07692307692307,2,9525534582394167E-15)
  v1=(75,184,33333333333334,-17,33333333333334)
  tri 149 patch=149 side=A source: (75,184,33333333333334,-17,33333333333334)|(55,192,0)|(75,00000000000001,185,07692307692307,-2,9525534582394167E-15)
  tri 1082 patch=110 side=B source: (75,184,33333333333334,-17,333333333333332)|(69,183,0)|(75,185,07692307692307,-2,9525534582394167E-15)
  tri 1084 patch=112 side=B source: (75,185,07692307692307,-2,9525534582394167E-15)|(78,185,-26)|(75,184,33333333333334,-17,333333333333332)
  SideSummary=mixed (A=1, B=2)
  triangles using this edge:
    tri 149: (75,184,33333333333334,-17,33333333333334)|(55,192,0)|(75,00000000000001,185,07692307692307,-2,9525534582394167E-15)
    tri 1082: (75,184,33333333333334,-17,333333333333332)|(69,183,0)|(75,185,07692307692307,-2,9525534582394167E-15)
    tri 1084: (75,185,07692307692307,-2,9525534582394167E-15)|(78,185,-26)|(75,184,33333333333334,-17,333333333333332)

edge=(95,96) count=3
  v0=(75,183,56,-26)
  v1=(75,184,33333333333334,-17,33333333333334)
  tri 150 patch=150 side=A source: (75,183,56,-26)|(72,185,-26)|(75,184,33333333333334,-17,333333333333332)
  tri 1088 patch=116 side=B source: (75,184,33333333333331,-17,33333333333334)|(78,185,-26)|(75,183,56,-25,999999999999996)
  tri 1090 patch=118 side=B source: (75,183,56,-25,999999999999996)|(69,183,0)|(75,184,33333333333331,-17,33333333333334)
  SideSummary=mixed (A=1, B=2)
  triangles using this edge:
    tri 150: (75,183,56,-26)|(72,185,-26)|(75,184,33333333333334,-17,333333333333332)
    tri 1088: (75,184,33333333333331,-17,33333333333334)|(78,185,-26)|(75,183,56,-25,999999999999996)
    tri 1090: (75,183,56,-25,999999999999996)|(69,183,0)|(75,184,33333333333331,-17,33333333333334)

edge=(99,102) count=3
  v0=(75,169,-77)
  v1=(75,177,44444444444446,-52,44444444444444)
  tri 153 patch=153 side=A source: (75,177,44444444444446,-52,44444444444444)|(75,169,-77)|(60,183,-53)
  tri 1096 patch=124 side=B source: (75,169,-77)|(63,173,-52)|(75,177,44444444444446,-52,44444444444444)
  tri 1097 patch=125 side=B source: (75,169,-77)|(75,177,44444444444446,-52,44444444444444)|(90,183,-53)
  SideSummary=mixed (A=1, B=2)
  triangles using this edge:
    tri 153: (75,177,44444444444446,-52,44444444444444)|(75,169,-77)|(60,183,-53)
    tri 1096: (75,169,-77)|(63,173,-52)|(75,177,44444444444446,-52,44444444444444)
    tri 1097: (75,169,-77)|(75,177,44444444444446,-52,44444444444444)|(90,183,-53)

edge=(93,102) count=3
  v0=(75,182,60000000000002,-31,2)
  v1=(75,177,44444444444446,-52,44444444444444)
  tri 160 patch=160 side=A source: (75,177,44444444444443,-52,44444444444444)|(72,185,-26)|(74,99999999999999,182,59999999999997,-31,199999999999996)
  tri 1102 patch=130 side=B source: (75,00000000000001,177,44444444444446,-52,44444444444444)|(63,173,-52)|(75,182,6,-31,2)
  tri 1104 patch=132 side=B source: (75,182,6,-31,2)|(90,183,-53)|(75,00000000000001,177,44444444444446,-52,44444444444444)
  SideSummary=mixed (A=1, B=2)
  triangles using this edge:
    tri 160: (75,177,44444444444443,-52,44444444444444)|(72,185,-26)|(74,99999999999999,182,59999999999997,-31,199999999999996)
    tri 1102: (75,00000000000001,177,44444444444446,-52,44444444444444)|(63,173,-52)|(75,182,6,-31,2)
    tri 1104: (75,182,6,-31,2)|(90,183,-53)|(75,00000000000001,177,44444444444446,-52,44444444444444)

edge=(75,185) count=4
  v0=(75,169,77)
  v1=(75,157,51724137931035,97,3103448275862)
  tri 324 patch=324 side=A source: (75,169,77)|(62,162,100)|(75,157,51724137931035,97,3103448275862)
  tri 325 patch=325 side=A source: (75,169,77)|(75,157,51724137931035,97,3103448275862)|(91,152,94)
  tri 972 patch=0 side=B source: (75,157,51724137931035,97,31034482758619)|(88,162,100)|(75,169,77)
  tri 973 patch=1 side=B source: (75,157,51724137931035,97,31034482758619)|(75,169,77)|(59,152,94)
  SideSummary=mixed (A=2, B=2)
  triangles using this edge:
    tri 324: (75,169,77)|(62,162,100)|(75,157,51724137931035,97,3103448275862)
    tri 325: (75,169,77)|(75,157,51724137931035,97,3103448275862)|(91,152,94)
    tri 972: (75,157,51724137931035,97,31034482758619)|(88,162,100)|(75,169,77)
    tri 973: (75,157,51724137931035,97,31034482758619)|(75,169,77)|(59,152,94)

edge=(77,187) count=1
  v0=(87,173,52)
  v1=(103,157,69)
  tri 326 patch=326 side=A source: (87,173,52)|(75,169,77)|(103,157,69)
  SideSummary=A-only (A=1, B=0)
  triangles using this edge:
    tri 326: (87,173,52)|(75,169,77)|(103,157,69)

edge=(186,187) count=1
  v0=(91,152,94)
  v1=(103,157,69)
  tri 327 patch=327 side=A source: (91,152,94)|(103,157,69)|(75,169,77)
  SideSummary=A-only (A=1, B=0)
  triangles using this edge:
    tri 327: (91,152,94)|(103,157,69)|(75,169,77)

edge=(191,193) count=4
  v0=(75,108,625,149,875)
  v1=(75,100,12,155,8)
  tri 332 patch=332 side=A source: (75,108,625,149,875)|(69,103,157)|(75,100,12,155,8)
  tri 333 patch=333 side=A source: (75,100,12,155,8)|(85,118,138)|(75,108,625,149,875)
  tri 989 patch=17 side=B source: (75,100,12,155,8)|(81,103,157)|(75,108,625,149,875)
  tri 991 patch=19 side=B source: (75,108,625,149,875)|(56,91,152)|(75,100,12,155,8)
  SideSummary=mixed (A=2, B=2)
  triangles using this edge:
    tri 332: (75,108,625,149,875)|(69,103,157)|(75,100,12,155,8)
    tri 333: (75,100,12,155,8)|(85,118,138)|(75,108,625,149,875)
    tri 989: (75,100,12,155,8)|(81,103,157)|(75,108,625,149,875)
    tri 991: (75,108,625,149,875)|(56,91,152)|(75,100,12,155,8)

edge=(193,194) count=1
  v0=(75,100,12,155,8)
  v1=(85,118,138)
  tri 333 patch=333 side=A source: (75,100,12,155,8)|(85,118,138)|(75,108,625,149,875)
  SideSummary=A-only (A=1, B=0)
  triangles using this edge:
    tri 333: (75,100,12,155,8)|(85,118,138)|(75,108,625,149,875)

edge=(195,197) count=4
  v0=(75,75,96000000000001,169,32000000000002)
  v1=(75,82,166)
  tri 334 patch=334 side=A source: (75,75,96000000000001,169,32000000000002)|(77,75,169)|(75,82,166)
  tri 336 patch=336 side=A source: (75,82,166)|(52,87,173)|(75,75,96000000000001,169,32000000000002)
  tri 986 patch=14 side=B source: (75,82,166)|(73,75,169)|(74,99999999999999,75,96,169,32)
  tri 988 patch=16 side=B source: (74,99999999999999,75,96,169,32)|(81,103,157)|(75,82,166)
  SideSummary=mixed (A=2, B=2)
  triangles using this edge:
    tri 334: (75,75,96000000000001,169,32000000000002)|(77,75,169)|(75,82,166)
    tri 336: (75,82,166)|(52,87,173)|(75,75,96000000000001,169,32000000000002)
    tri 986: (75,82,166)|(73,75,169)|(74,99999999999999,75,96,169,32)
    tri 988: (74,99999999999999,75,96,169,32)|(81,103,157)|(75,82,166)

edge=(193,197) count=4
  v0=(75,100,12,155,8)
  v1=(75,82,166)
  tri 337 patch=337 side=A source: (75,100,11999999999999,155,79999999999998)|(69,103,157)|(75,82,166)
  tri 339 patch=339 side=A source: (75,82,166)|(94,91,152)|(75,100,11999999999999,155,79999999999998)
  tri 992 patch=20 side=B source: (75,82,166)|(81,103,157)|(75,100,11999999999999,155,8)
  tri 994 patch=22 side=B source: (75,100,11999999999999,155,8)|(73,75,169)|(75,82,166)
  SideSummary=mixed (A=2, B=2)
  triangles using this edge:
    tri 337: (75,100,11999999999999,155,79999999999998)|(69,103,157)|(75,82,166)
    tri 339: (75,82,166)|(94,91,152)|(75,100,11999999999999,155,79999999999998)
    tri 992: (75,82,166)|(81,103,157)|(75,100,11999999999999,155,8)
    tri 994: (75,100,11999999999999,155,8)|(73,75,169)|(75,82,166)

edge=(196,198) count=1
  v0=(77,75,169)
  v1=(94,91,152)
  tri 338 patch=338 side=A source: (75,82,166)|(77,75,169)|(94,91,152)
  SideSummary=A-only (A=1, B=0)
  triangles using this edge:
    tri 338: (75,82,166)|(77,75,169)|(94,91,152)

edge=(193,198) count=1
  v0=(75,100,12,155,8)
  v1=(94,91,152)
  tri 339 patch=339 side=A source: (75,82,166)|(94,91,152)|(75,100,11999999999999,155,79999999999998)
  SideSummary=A-only (A=1, B=0)
  triangles using this edge:
    tri 339: (75,82,166)|(94,91,152)|(75,100,11999999999999,155,79999999999998)

edge=(201,202) count=4
  v0=(75,122,23076923076923,138,76923076923077)
  v1=(75,138,9090909090909,121,63636363636363)
  tri 342 patch=342 side=A source: (75,122,23076923076923,138,76923076923077)|(85,118,138)|(75,138,9090909090909,121,63636363636363)
  tri 344 patch=344 side=A source: (75,138,9090909090909,121,63636363636363)|(59,129,140)|(75,122,23076923076923,138,76923076923077)
  tri 981 patch=9 side=B source: (75,138,9090909090909,121,63636363636364)|(65,118,138)|(75,122,23076923076923,138,76923076923077)
  tri 983 patch=11 side=B source: (75,122,23076923076923,138,76923076923077)|(76,141,120)|(75,138,9090909090909,121,63636363636364)
  SideSummary=mixed (A=2, B=2)
  triangles using this edge:
    tri 342: (75,122,23076923076923,138,76923076923077)|(85,118,138)|(75,138,9090909090909,121,63636363636363)
    tri 344: (75,138,9090909090909,121,63636363636363)|(59,129,140)|(75,122,23076923076923,138,76923076923077)
    tri 981: (75,138,9090909090909,121,63636363636364)|(65,118,138)|(75,122,23076923076923,138,76923076923077)
    tri 983: (75,122,23076923076923,138,76923076923077)|(76,141,120)|(75,138,9090909090909,121,63636363636364)

edge=(191,201) count=4
  v0=(75,108,625,149,875)
  v1=(75,122,23076923076923,138,76923076923077)
  tri 347 patch=347 side=A source: (75,108,625,149,875)|(85,118,138)|(75,00000000000001,122,23076923076923,138,76923076923077)
  tri 349 patch=349 side=A source: (75,00000000000001,122,23076923076923,138,76923076923077)|(69,103,157)|(75,108,625,149,875)
  tri 996 patch=24 side=B source: (75,122,23076923076923,138,76923076923077)|(65,118,138)|(75,108,625,149,875)
  tri 998 patch=26 side=B source: (75,108,625,149,875)|(91,129,140)|(75,122,23076923076923,138,76923076923077)
  SideSummary=mixed (A=2, B=2)
  triangles using this edge:
    tri 347: (75,108,625,149,875)|(85,118,138)|(75,00000000000001,122,23076923076923,138,76923076923077)
    tri 349: (75,00000000000001,122,23076923076923,138,76923076923077)|(69,103,157)|(75,108,625,149,875)
    tri 996: (75,122,23076923076923,138,76923076923077)|(65,118,138)|(75,108,625,149,875)
    tri 998: (75,108,625,149,875)|(91,129,140)|(75,122,23076923076923,138,76923076923077)

edge=(185,203) count=4
  v0=(75,157,51724137931035,97,3103448275862)
  v1=(75,141,64705882352942,118,47058823529412)
  tri 352 patch=352 side=A source: (75,141,64705882352942,118,47058823529412)|(91,152,94)|(75,157,51724137931035,97,31034482758622)
  tri 354 patch=354 side=A source: (75,157,51724137931035,97,31034482758622)|(74,141,120)|(75,141,64705882352942,118,47058823529412)
  tri 1001 patch=29 side=B source: (75,157,51724137931032,97,3103448275862)|(59,152,94)|(75,141,64705882352942,118,47058823529412)
  tri 1003 patch=31 side=B source: (75,141,64705882352942,118,47058823529412)|(88,162,100)|(75,157,51724137931032,97,3103448275862)
  SideSummary=mixed (A=2, B=2)
  triangles using this edge:
    tri 352: (75,141,64705882352942,118,47058823529412)|(91,152,94)|(75,157,51724137931035,97,31034482758622)
    tri 354: (75,157,51724137931035,97,31034482758622)|(74,141,120)|(75,141,64705882352942,118,47058823529412)
    tri 1001: (75,157,51724137931032,97,3103448275862)|(59,152,94)|(75,141,64705882352942,118,47058823529412)
    tri 1003: (75,141,64705882352942,118,47058823529412)|(88,162,100)|(75,157,51724137931032,97,3103448275862)

edge=(202,204) count=4
  v0=(75,138,9090909090909,121,63636363636363)
  v1=(75,140,5862068965517,119,75862068965517)
  tri 355 patch=355 side=A source: (75,140,5862068965517,119,75862068965517)|(74,141,120)|(74,99999999999999,138,9090909090909,121,63636363636364)
  tri 357 patch=357 side=A source: (74,99999999999999,138,9090909090909,121,63636363636364)|(103,129,113)|(75,140,5862068965517,119,75862068965517)
  tri 1004 patch=32 side=B source: (75,138,9090909090909,121,63636363636363)|(76,141,120)|(74,99999999999999,140,58620689655172,119,75862068965519)
  tri 1006 patch=34 side=B source: (74,99999999999999,140,58620689655172,119,75862068965519)|(65,118,138)|(75,138,9090909090909,121,63636363636363)
  SideSummary=mixed (A=2, B=2)
  triangles using this edge:
    tri 355: (75,140,5862068965517,119,75862068965517)|(74,141,120)|(74,99999999999999,138,9090909090909,121,63636363636364)
    tri 357: (74,99999999999999,138,9090909090909,121,63636363636364)|(103,129,113)|(75,140,5862068965517,119,75862068965517)
    tri 1004: (75,138,9090909090909,121,63636363636363)|(76,141,120)|(74,99999999999999,140,58620689655172,119,75862068965519)
    tri 1006: (74,99999999999999,140,58620689655172,119,75862068965519)|(65,118,138)|(75,138,9090909090909,121,63636363636363)

edge=(194,205) count=1
  v0=(85,118,138)
  v1=(103,129,113)
  tri 356 patch=356 side=A source: (74,99999999999999,138,9090909090909,121,63636363636364)|(85,118,138)|(103,129,113)
  SideSummary=A-only (A=1, B=0)
  triangles using this edge:
    tri 356: (74,99999999999999,138,9090909090909,121,63636363636364)|(85,118,138)|(103,129,113)

edge=(204,205) count=1
  v0=(75,140,5862068965517,119,75862068965517)
  v1=(103,129,113)
  tri 357 patch=357 side=A source: (74,99999999999999,138,9090909090909,121,63636363636364)|(103,129,113)|(75,140,5862068965517,119,75862068965517)
  SideSummary=A-only (A=1, B=0)
  triangles using this edge:
    tri 357: (74,99999999999999,138,9090909090909,121,63636363636364)|(103,129,113)|(75,140,5862068965517,119,75862068965517)

edge=(203,204) count=4
  v0=(75,141,64705882352942,118,47058823529412)
  v1=(75,140,5862068965517,119,75862068965517)
  tri 358 patch=358 side=A source: (75,141,64705882352942,118,4705882352941)|(74,141,120)|(75,140,58620689655172,119,75862068965517)
  tri 359 patch=359 side=A source: (75,140,58620689655172,119,75862068965517)|(91,152,94)|(75,141,64705882352942,118,4705882352941)
  tri 1007 patch=35 side=B source: (75,140,58620689655174,119,75862068965517)|(76,141,120)|(75,141,6470588235294,118,4705882352941)
  tri 1009 patch=37 side=B source: (75,141,6470588235294,118,4705882352941)|(47,129,113)|(75,140,58620689655174,119,75862068965517)
  SideSummary=mixed (A=2, B=2)
  triangles using this edge:
    tri 358: (75,141,64705882352942,118,4705882352941)|(74,141,120)|(75,140,58620689655172,119,75862068965517)
    tri 359: (75,140,58620689655172,119,75862068965517)|(91,152,94)|(75,141,64705882352942,118,4705882352941)
    tri 1007: (75,140,58620689655174,119,75862068965517)|(76,141,120)|(75,141,6470588235294,118,4705882352941)
    tri 1009: (75,141,6470588235294,118,4705882352941)|(47,129,113)|(75,140,58620689655174,119,75862068965517)

edge=(186,204) count=1
  v0=(91,152,94)
  v1=(75,140,5862068965517,119,75862068965517)
  tri 359 patch=359 side=A source: (75,140,58620689655172,119,75862068965517)|(91,152,94)|(75,141,64705882352942,118,4705882352941)
  SideSummary=A-only (A=1, B=0)
  triangles using this edge:
    tri 359: (75,140,58620689655172,119,75862068965517)|(91,152,94)|(75,141,64705882352942,118,4705882352941)

edge=(318,320) count=3
  v0=(75,122,23076923076923,-138,76923076923077)
  v1=(75,138,9090909090909,-121,63636363636364)
  tri 558 patch=558 side=A source: (75,122,23076923076923,-138,76923076923077)|(74,141,-120)|(75,138,9090909090909,-121,63636363636364)
  tri 1173 patch=201 side=B source: (75,122,23076923076923,-138,76923076923077)|(65,118,-138)|(75,138,9090909090909,-121,63636363636364)
  tri 1175 patch=203 side=B source: (75,138,9090909090909,-121,63636363636364)|(91,129,-140)|(75,122,23076923076923,-138,76923076923077)
  SideSummary=mixed (A=1, B=2)
  triangles using this edge:
    tri 558: (75,122,23076923076923,-138,76923076923077)|(74,141,-120)|(75,138,9090909090909,-121,63636363636364)
    tri 1173: (75,122,23076923076923,-138,76923076923077)|(65,118,-138)|(75,138,9090909090909,-121,63636363636364)
    tri 1175: (75,138,9090909090909,-121,63636363636364)|(91,129,-140)|(75,122,23076923076923,-138,76923076923077)

edge=(321,323) count=3
  v0=(75,75,96,-169,32)
  v1=(75,82,-166)
  tri 562 patch=562 side=A source: (75,75,96,-169,32)|(69,103,-157)|(75,82,-166)
  tri 1165 patch=193 side=B source: (75,75,96000000000001,-169,32000000000002)|(73,75,-169)|(75,82,-166)
  tri 1167 patch=195 side=B source: (75,82,-166)|(98,87,-173)|(75,75,96000000000001,-169,32000000000002)
  SideSummary=mixed (A=1, B=2)
  triangles using this edge:
    tri 562: (75,75,96,-169,32)|(69,103,-157)|(75,82,-166)
    tri 1165: (75,75,96000000000001,-169,32000000000002)|(73,75,-169)|(75,82,-166)
    tri 1167: (75,82,-166)|(98,87,-173)|(75,75,96000000000001,-169,32000000000002)

edge=(324,325) count=3
  v0=(75,100,12,-155,8)
  v1=(75,108,625,-149,875)
  tri 563 patch=563 side=A source: (75,100,12,-155,8)|(69,103,-157)|(75,108,625,-149,875)
  tri 1162 patch=190 side=B source: (75,108,625,-149,875)|(81,103,-157)|(75,100,12,-155,8)
  tri 1164 patch=192 side=B source: (75,100,12,-155,8)|(65,118,-138)|(75,108,625,-149,875)
  SideSummary=mixed (A=1, B=2)
  triangles using this edge:
    tri 563: (75,100,12,-155,8)|(69,103,-157)|(75,108,625,-149,875)
    tri 1162: (75,108,625,-149,875)|(81,103,-157)|(75,100,12,-155,8)
    tri 1164: (75,100,12,-155,8)|(65,118,-138)|(75,108,625,-149,875)

edge=(323,324) count=3
  v0=(75,82,-166)
  v1=(75,100,12,-155,8)
  tri 564 patch=564 side=A source: (75,82,-166)|(69,103,-157)|(75,100,11999999999999,-155,8)
  tri 1168 patch=196 side=B source: (75,100,11999999999999,-155,79999999999998)|(81,103,-157)|(75,82,-166)
  tri 1170 patch=198 side=B source: (75,82,-166)|(56,91,-152)|(75,100,11999999999999,-155,79999999999998)
  SideSummary=mixed (A=1, B=2)
  triangles using this edge:
    tri 564: (75,82,-166)|(69,103,-157)|(75,100,11999999999999,-155,8)
    tri 1168: (75,100,11999999999999,-155,79999999999998)|(81,103,-157)|(75,82,-166)
    tri 1170: (75,82,-166)|(56,91,-152)|(75,100,11999999999999,-155,79999999999998)

edge=(318,325) count=3
  v0=(75,122,23076923076923,-138,76923076923077)
  v1=(75,108,625,-149,875)
  tri 567 patch=567 side=A source: (75,108,625,-149,875)|(59,129,-140)|(75,122,23076923076923,-138,76923076923077)
  tri 1178 patch=206 side=B source: (75,108,625,-149,875)|(65,118,-138)|(74,99999999999999,122,23076923076923,-138,76923076923077)
  tri 1180 patch=208 side=B source: (74,99999999999999,122,23076923076923,-138,76923076923077)|(81,103,-157)|(75,108,625,-149,875)
  SideSummary=mixed (A=1, B=2)
  triangles using this edge:
    tri 567: (75,108,625,-149,875)|(59,129,-140)|(75,122,23076923076923,-138,76923076923077)
    tri 1178: (75,108,625,-149,875)|(65,118,-138)|(74,99999999999999,122,23076923076923,-138,76923076923077)
    tri 1180: (74,99999999999999,122,23076923076923,-138,76923076923077)|(81,103,-157)|(75,108,625,-149,875)

edge=(99,326) count=3
  v0=(75,169,-77)
  v1=(75,157,51724137931035,-97,31034482758619)
  tri 570 patch=570 side=A source: (75,157,51724137931035,-97,31034482758619)|(62,162,-100)|(75,169,-77)
  tri 1154 patch=182 side=B source: (75,169,-77)|(88,162,-100)|(75,157,51724137931035,-97,3103448275862)
  tri 1155 patch=183 side=B source: (75,169,-77)|(75,157,51724137931035,-97,3103448275862)|(59,152,-94)
  SideSummary=mixed (A=1, B=2)
  triangles using this edge:
    tri 570: (75,157,51724137931035,-97,31034482758619)|(62,162,-100)|(75,169,-77)
    tri 1154: (75,169,-77)|(88,162,-100)|(75,157,51724137931035,-97,3103448275862)
    tri 1155: (75,169,-77)|(75,157,51724137931035,-97,3103448275862)|(59,152,-94)

edge=(326,327) count=3
  v0=(75,157,51724137931035,-97,31034482758619)
  v1=(75,141,64705882352942,-118,47058823529412)
  tri 572 patch=572 side=A source: (75,141,64705882352942,-118,47058823529412)|(62,162,-100)|(74,99999999999999,157,51724137931032,-97,3103448275862)
  tri 1183 patch=211 side=B source: (75,141,64705882352942,-118,47058823529412)|(59,152,-94)|(75,00000000000001,157,51724137931035,-97,31034482758622)
  tri 1185 patch=213 side=B source: (75,00000000000001,157,51724137931035,-97,31034482758622)|(76,141,-120)|(75,141,64705882352942,-118,47058823529412)
  SideSummary=mixed (A=1, B=2)
  triangles using this edge:
    tri 572: (75,141,64705882352942,-118,47058823529412)|(62,162,-100)|(74,99999999999999,157,51724137931032,-97,3103448275862)
    tri 1183: (75,141,64705882352942,-118,47058823529412)|(59,152,-94)|(75,00000000000001,157,51724137931035,-97,31034482758622)
    tri 1185: (75,00000000000001,157,51724137931035,-97,31034482758622)|(76,141,-120)|(75,141,64705882352942,-118,47058823529412)

edge=(320,328) count=3
  v0=(75,138,9090909090909,-121,63636363636364)
  v1=(75,140,58620689655172,-119,75862068965519)
  tri 573 patch=573 side=A source: (74,99999999999999,138,90909090909093,-121,63636363636364)|(74,141,-120)|(75,140,58620689655172,-119,75862068965519)
  tri 1186 patch=214 side=B source: (74,99999999999999,140,5862068965517,-119,75862068965517)|(76,141,-120)|(75,138,9090909090909,-121,63636363636364)
  tri 1188 patch=216 side=B source: (75,138,9090909090909,-121,63636363636364)|(47,129,-113)|(74,99999999999999,140,5862068965517,-119,75862068965517)
  SideSummary=mixed (A=1, B=2)
  triangles using this edge:
    tri 573: (74,99999999999999,138,90909090909093,-121,63636363636364)|(74,141,-120)|(75,140,58620689655172,-119,75862068965519)
    tri 1186: (74,99999999999999,140,5862068965517,-119,75862068965517)|(76,141,-120)|(75,138,9090909090909,-121,63636363636364)
    tri 1188: (75,138,9090909090909,-121,63636363636364)|(47,129,-113)|(74,99999999999999,140,5862068965517,-119,75862068965517)

edge=(327,328) count=3
  v0=(75,141,64705882352942,-118,47058823529412)
  v1=(75,140,58620689655172,-119,75862068965519)
  tri 574 patch=574 side=A source: (75,140,58620689655174,-119,75862068965517)|(74,141,-120)|(74,99999999999999,141,6470588235294,-118,4705882352941)
  tri 1189 patch=217 side=B source: (75,141,64705882352942,-118,4705882352941)|(76,141,-120)|(75,140,58620689655172,-119,75862068965517)
  tri 1191 patch=219 side=B source: (75,140,58620689655172,-119,75862068965517)|(59,152,-94)|(75,141,64705882352942,-118,4705882352941)
  SideSummary=mixed (A=1, B=2)
  triangles using this edge:
    tri 574: (75,140,58620689655174,-119,75862068965517)|(74,141,-120)|(74,99999999999999,141,6470588235294,-118,4705882352941)
    tri 1189: (75,141,64705882352942,-118,4705882352941)|(76,141,-120)|(75,140,58620689655172,-119,75862068965517)
    tri 1191: (75,140,58620689655172,-119,75862068965517)|(59,152,-94)|(75,141,64705882352942,-118,4705882352941)

edge=(329,331) count=3
  v0=(75,-157,51724137931035,97,31034482758619)
  v1=(75,-169,77)
  tri 575 patch=575 side=A source: (75,-157,51724137931035,97,31034482758619)|(62,-162,100)|(75,-169,77)
  tri 1840 patch=868 side=B source: (75,-169,77)|(88,-162,100)|(75,-157,51724137931035,97,3103448275862)
  tri 1841 patch=869 side=B source: (75,-169,77)|(75,-157,51724137931035,97,3103448275862)|(59,-152,94)
  SideSummary=mixed (A=1, B=2)
  triangles using this edge:
    tri 575: (75,-157,51724137931035,97,31034482758619)|(62,-162,100)|(75,-169,77)
    tri 1840: (75,-169,77)|(88,-162,100)|(75,-157,51724137931035,97,3103448275862)
    tri 1841: (75,-169,77)|(75,-157,51724137931035,97,3103448275862)|(59,-152,94)

edge=(339,341) count=3
  v0=(75,-122,23076923076923,138,76923076923077)
  v1=(75,-138,9090909090909,121,63636363636364)
  tri 582 patch=582 side=A source: (75,-122,23076923076923,138,76923076923077)|(74,-141,120)|(75,-138,9090909090909,121,63636363636364)
  tri 1859 patch=887 side=B source: (75,-122,23076923076923,138,76923076923077)|(65,-118,138)|(75,-138,9090909090909,121,63636363636364)
  tri 1861 patch=889 side=B source: (75,-138,9090909090909,121,63636363636364)|(91,-129,140)|(75,-122,23076923076923,138,76923076923077)
  SideSummary=mixed (A=1, B=2)
  triangles using this edge:
    tri 582: (75,-122,23076923076923,138,76923076923077)|(74,-141,120)|(75,-138,9090909090909,121,63636363636364)
    tri 1859: (75,-122,23076923076923,138,76923076923077)|(65,-118,138)|(75,-138,9090909090909,121,63636363636364)
    tri 1861: (75,-138,9090909090909,121,63636363636364)|(91,-129,140)|(75,-122,23076923076923,138,76923076923077)

edge=(342,344) count=3
  v0=(75,-75,96,169,32)
  v1=(75,-82,166)
  tri 586 patch=586 side=A source: (75,-75,96,169,32)|(69,-103,157)|(75,-82,166)
  tri 1851 patch=879 side=B source: (75,-75,96000000000001,169,32000000000002)|(73,-75,169)|(75,-82,166)
  tri 1853 patch=881 side=B source: (75,-82,166)|(98,-87,173)|(75,-75,96000000000001,169,32000000000002)
  SideSummary=mixed (A=1, B=2)
  triangles using this edge:
    tri 586: (75,-75,96,169,32)|(69,-103,157)|(75,-82,166)
    tri 1851: (75,-75,96000000000001,169,32000000000002)|(73,-75,169)|(75,-82,166)
    tri 1853: (75,-82,166)|(98,-87,173)|(75,-75,96000000000001,169,32000000000002)

edge=(345,346) count=3
  v0=(75,-100,12,155,8)
  v1=(75,-108,625,149,875)
  tri 587 patch=587 side=A source: (75,-100,12,155,8)|(69,-103,157)|(75,-108,625,149,875)
  tri 1848 patch=876 side=B source: (75,-108,625,149,875)|(81,-103,157)|(75,-100,12,155,8)
  tri 1850 patch=878 side=B source: (75,-100,12,155,8)|(65,-118,138)|(75,-108,625,149,875)
  SideSummary=mixed (A=1, B=2)
  triangles using this edge:
    tri 587: (75,-100,12,155,8)|(69,-103,157)|(75,-108,625,149,875)
    tri 1848: (75,-108,625,149,875)|(81,-103,157)|(75,-100,12,155,8)
    tri 1850: (75,-100,12,155,8)|(65,-118,138)|(75,-108,625,149,875)

edge=(344,345) count=3
  v0=(75,-82,166)
  v1=(75,-100,12,155,8)
  tri 588 patch=588 side=A source: (75,-82,166)|(69,-103,157)|(75,-100,11999999999999,155,8)
  tri 1854 patch=882 side=B source: (75,-100,11999999999999,155,79999999999998)|(81,-103,157)|(75,-82,166)
  tri 1856 patch=884 side=B source: (75,-82,166)|(56,-91,152)|(75,-100,11999999999999,155,79999999999998)
  SideSummary=mixed (A=1, B=2)
  triangles using this edge:
    tri 588: (75,-82,166)|(69,-103,157)|(75,-100,11999999999999,155,8)
    tri 1854: (75,-100,11999999999999,155,79999999999998)|(81,-103,157)|(75,-82,166)
    tri 1856: (75,-82,166)|(56,-91,152)|(75,-100,11999999999999,155,79999999999998)

edge=(339,346) count=3
  v0=(75,-122,23076923076923,138,76923076923077)
  v1=(75,-108,625,149,875)
  tri 591 patch=591 side=A source: (75,-108,625,149,875)|(59,-129,140)|(75,-122,23076923076923,138,76923076923077)
  tri 1864 patch=892 side=B source: (75,-108,625,149,875)|(65,-118,138)|(74,99999999999999,-122,23076923076923,138,76923076923077)
  tri 1866 patch=894 side=B source: (74,99999999999999,-122,23076923076923,138,76923076923077)|(81,-103,157)|(75,-108,625,149,875)
  SideSummary=mixed (A=1, B=2)
  triangles using this edge:
    tri 591: (75,-108,625,149,875)|(59,-129,140)|(75,-122,23076923076923,138,76923076923077)
    tri 1864: (75,-108,625,149,875)|(65,-118,138)|(74,99999999999999,-122,23076923076923,138,76923076923077)
    tri 1866: (74,99999999999999,-122,23076923076923,138,76923076923077)|(81,-103,157)|(75,-108,625,149,875)

edge=(329,347) count=3
  v0=(75,-157,51724137931035,97,31034482758619)
  v1=(75,-141,64705882352942,118,47058823529412)
  tri 595 patch=595 side=A source: (75,-141,64705882352942,118,47058823529412)|(62,-162,100)|(74,99999999999999,-157,51724137931032,97,3103448275862)
  tri 1869 patch=897 side=B source: (75,-141,64705882352942,118,47058823529412)|(59,-152,94)|(75,00000000000001,-157,51724137931035,97,31034482758622)
  tri 1871 patch=899 side=B source: (75,00000000000001,-157,51724137931035,97,31034482758622)|(76,-141,120)|(75,-141,64705882352942,118,47058823529412)
  SideSummary=mixed (A=1, B=2)
  triangles using this edge:
    tri 595: (75,-141,64705882352942,118,47058823529412)|(62,-162,100)|(74,99999999999999,-157,51724137931032,97,3103448275862)
    tri 1869: (75,-141,64705882352942,118,47058823529412)|(59,-152,94)|(75,00000000000001,-157,51724137931035,97,31034482758622)
    tri 1871: (75,00000000000001,-157,51724137931035,97,31034482758622)|(76,-141,120)|(75,-141,64705882352942,118,47058823529412)

edge=(341,348) count=3
  v0=(75,-138,9090909090909,121,63636363636364)
  v1=(75,-140,58620689655172,119,75862068965519)
  tri 596 patch=596 side=A source: (75,00000000000001,-138,9090909090909,121,63636363636363)|(74,-141,120)|(75,-140,58620689655172,119,75862068965519)
  tri 1872 patch=900 side=B source: (74,99999999999999,-140,5862068965517,119,75862068965517)|(76,-141,120)|(75,-138,9090909090909,121,63636363636364)
  tri 1874 patch=902 side=B source: (75,-138,9090909090909,121,63636363636364)|(47,-129,113)|(74,99999999999999,-140,5862068965517,119,75862068965517)
  SideSummary=mixed (A=1, B=2)
  triangles using this edge:
    tri 596: (75,00000000000001,-138,9090909090909,121,63636363636363)|(74,-141,120)|(75,-140,58620689655172,119,75862068965519)
    tri 1872: (74,99999999999999,-140,5862068965517,119,75862068965517)|(76,-141,120)|(75,-138,9090909090909,121,63636363636364)
    tri 1874: (75,-138,9090909090909,121,63636363636364)|(47,-129,113)|(74,99999999999999,-140,5862068965517,119,75862068965517)

edge=(347,348) count=3
  v0=(75,-141,64705882352942,118,47058823529412)
  v1=(75,-140,58620689655172,119,75862068965519)
  tri 597 patch=597 side=A source: (75,-140,58620689655174,119,75862068965517)|(74,-141,120)|(74,99999999999999,-141,6470588235294,118,4705882352941)
  tri 1875 patch=903 side=B source: (75,-141,64705882352942,118,4705882352941)|(76,-141,120)|(75,-140,58620689655172,119,75862068965517)
  tri 1877 patch=905 side=B source: (75,-140,58620689655172,119,75862068965517)|(59,-152,94)|(75,-141,64705882352942,118,4705882352941)
  SideSummary=mixed (A=1, B=2)
  triangles using this edge:
    tri 597: (75,-140,58620689655174,119,75862068965517)|(74,-141,120)|(74,99999999999999,-141,6470588235294,118,4705882352941)
    tri 1875: (75,-141,64705882352942,118,4705882352941)|(76,-141,120)|(75,-140,58620689655172,119,75862068965517)
    tri 1877: (75,-140,58620689655172,119,75862068965517)|(59,-152,94)|(75,-141,64705882352942,118,4705882352941)

edge=(349,351) count=3
  v0=(75,-182,6,31,200000000000006)
  v1=(75,-183,56,26)
  tri 598 patch=598 side=A source: (75,-182,6,31,200000000000006)|(72,-185,26)|(75,-183,56,26)
  tri 1539 patch=567 side=B source: (75,-183,56,26,000000000000007)|(78,-185,26)|(75,-182,6,31,200000000000006)
  tri 1541 patch=569 side=B source: (75,-182,6,31,200000000000006)|(53,-173,26)|(75,-183,56,26,000000000000007)
  SideSummary=mixed (A=1, B=2)
  triangles using this edge:
    tri 598: (75,-182,6,31,200000000000006)|(72,-185,26)|(75,-183,56,26)
    tri 1539: (75,-183,56,26,000000000000007)|(78,-185,26)|(75,-182,6,31,200000000000006)
    tri 1541: (75,-182,6,31,200000000000006)|(53,-173,26)|(75,-183,56,26,000000000000007)

edge=(352,354) count=3
  v0=(75,-184,33333333333334,17,33333333333334)
  v1=(75,00000000000001,-185,07692307692307,2,9525534582394167E-15)
  tri 600 patch=600 side=A source: (75,-184,33333333333334,17,33333333333334)|(55,-192,0)|(75,00000000000001,-185,07692307692307,2,9525534582394167E-15)
  tri 1536 patch=564 side=B source: (75,-184,33333333333334,17,333333333333332)|(69,-183,0)|(75,-185,07692307692307,2,9525534582394167E-15)
  tri 1538 patch=566 side=B source: (75,-185,07692307692307,2,9525534582394167E-15)|(78,-185,26)|(75,-184,33333333333334,17,333333333333332)
  SideSummary=mixed (A=1, B=2)
  triangles using this edge:
    tri 600: (75,-184,33333333333334,17,33333333333334)|(55,-192,0)|(75,00000000000001,-185,07692307692307,2,9525534582394167E-15)
    tri 1536: (75,-184,33333333333334,17,333333333333332)|(69,-183,0)|(75,-185,07692307692307,2,9525534582394167E-15)
    tri 1538: (75,-185,07692307692307,2,9525534582394167E-15)|(78,-185,26)|(75,-184,33333333333334,17,333333333333332)

edge=(351,352) count=3
  v0=(75,-183,56,26)
  v1=(75,-184,33333333333334,17,33333333333334)
  tri 601 patch=601 side=A source: (75,-183,56,26)|(72,-185,26)|(75,-184,33333333333334,17,333333333333332)
  tri 1542 patch=570 side=B source: (75,-184,33333333333331,17,33333333333334)|(78,-185,26)|(75,-183,56,25,999999999999996)
  tri 1544 patch=572 side=B source: (75,-183,56,25,999999999999996)|(69,-183,0)|(75,-184,33333333333331,17,33333333333334)
  SideSummary=mixed (A=1, B=2)
  triangles using this edge:
    tri 601: (75,-183,56,26)|(72,-185,26)|(75,-184,33333333333334,17,333333333333332)
    tri 1542: (75,-184,33333333333331,17,33333333333334)|(78,-185,26)|(75,-183,56,25,999999999999996)
    tri 1544: (75,-183,56,25,999999999999996)|(69,-183,0)|(75,-184,33333333333331,17,33333333333334)

edge=(331,358) count=3
  v0=(75,-169,77)
  v1=(75,-177,44444444444446,52,44444444444444)
  tri 604 patch=604 side=A source: (75,-177,44444444444446,52,44444444444444)|(75,-169,77)|(60,-183,53)
  tri 1550 patch=578 side=B source: (75,-169,77)|(63,-173,52)|(75,-177,44444444444446,52,44444444444444)
  tri 1551 patch=579 side=B source: (75,-169,77)|(75,-177,44444444444446,52,44444444444444)|(90,-183,53)
  SideSummary=mixed (A=1, B=2)
  triangles using this edge:
    tri 604: (75,-177,44444444444446,52,44444444444444)|(75,-169,77)|(60,-183,53)
    tri 1550: (75,-169,77)|(63,-173,52)|(75,-177,44444444444446,52,44444444444444)
    tri 1551: (75,-169,77)|(75,-177,44444444444446,52,44444444444444)|(90,-183,53)

edge=(349,358) count=3
  v0=(75,-182,6,31,200000000000006)
  v1=(75,-177,44444444444446,52,44444444444444)
  tri 611 patch=611 side=A source: (75,-177,44444444444443,52,44444444444444)|(72,-185,26)|(75,-182,60000000000002,31,200000000000003)
  tri 1556 patch=584 side=B source: (75,00000000000001,-177,44444444444446,52,44444444444444)|(63,-173,52)|(75,-182,6,31,2)
  tri 1558 patch=586 side=B source: (75,-182,6,31,2)|(90,-183,53)|(75,00000000000001,-177,44444444444446,52,44444444444444)
  SideSummary=mixed (A=1, B=2)
  triangles using this edge:
    tri 611: (75,-177,44444444444443,52,44444444444444)|(72,-185,26)|(75,-182,60000000000002,31,200000000000003)
    tri 1556: (75,00000000000001,-177,44444444444446,52,44444444444444)|(63,-173,52)|(75,-182,6,31,2)
    tri 1558: (75,-182,6,31,2)|(90,-183,53)|(75,00000000000001,-177,44444444444446,52,44444444444444)

edge=(354,389) count=3
  v0=(75,00000000000001,-185,07692307692307,2,9525534582394167E-15)
  v1=(75,-184,33333333333334,-17,33333333333334)
  tri 664 patch=664 side=A source: (75,-185,07692307692307,-2,9525534582394167E-15)|(72,-185,-26)|(75,-184,33333333333334,-17,33333333333334)
  tri 1595 patch=623 side=B source: (75,-185,07692307692307,-2,9525534582394167E-15)|(69,-183,0)|(75,-184,33333333333334,-17,33333333333334)
  tri 1597 patch=625 side=B source: (75,-184,33333333333334,-17,33333333333334)|(95,-192,0)|(75,-185,07692307692307,-2,9525534582394167E-15)
  SideSummary=mixed (A=1, B=2)
  triangles using this edge:
    tri 664: (75,-185,07692307692307,-2,9525534582394167E-15)|(72,-185,-26)|(75,-184,33333333333334,-17,33333333333334)
    tri 1595: (75,-185,07692307692307,-2,9525534582394167E-15)|(69,-183,0)|(75,-184,33333333333334,-17,33333333333334)
    tri 1597: (75,-184,33333333333334,-17,33333333333334)|(95,-192,0)|(75,-185,07692307692307,-2,9525534582394167E-15)

edge=(390,391) count=3
  v0=(75,-183,56,-26,000000000000007)
  v1=(75,-182,60000000000002,-31,2)
  tri 665 patch=665 side=A source: (75,-183,56,-26,000000000000007)|(72,-185,-26)|(75,-182,60000000000002,-31,2)
  tri 1592 patch=620 side=B source: (75,-182,6,-31,200000000000006)|(78,-185,-26)|(75,-183,56,-26)
  tri 1594 patch=622 side=B source: (75,-183,56,-26)|(63,-173,-52)|(75,-182,6,-31,200000000000006)
  SideSummary=mixed (A=1, B=2)
  triangles using this edge:
    tri 665: (75,-183,56,-26,000000000000007)|(72,-185,-26)|(75,-182,60000000000002,-31,2)
    tri 1592: (75,-182,6,-31,200000000000006)|(78,-185,-26)|(75,-183,56,-26)
    tri 1594: (75,-183,56,-26)|(63,-173,-52)|(75,-182,6,-31,200000000000006)

edge=(389,390) count=3
  v0=(75,-184,33333333333334,-17,33333333333334)
  v1=(75,-183,56,-26,000000000000007)
  tri 666 patch=666 side=A source: (74,99999999999999,-184,33333333333331,-17,33333333333334)|(72,-185,-26)|(75,-183,56,-25,999999999999996)
  tri 1598 patch=626 side=B source: (75,00000000000001,-183,56,-26)|(78,-185,-26)|(75,-184,33333333333334,-17,333333333333332)
  tri 1600 patch=628 side=B source: (75,-184,33333333333334,-17,333333333333332)|(53,-173,-26)|(75,00000000000001,-183,56,-26)
  SideSummary=mixed (A=1, B=2)
  triangles using this edge:
    tri 666: (74,99999999999999,-184,33333333333331,-17,33333333333334)|(72,-185,-26)|(75,-183,56,-25,999999999999996)
    tri 1598: (75,00000000000001,-183,56,-26)|(78,-185,-26)|(75,-184,33333333333334,-17,333333333333332)
    tri 1600: (75,-184,33333333333334,-17,333333333333332)|(53,-173,-26)|(75,00000000000001,-183,56,-26)

edge=(396,398) count=3
  v0=(75,-169,-77)
  v1=(75,-177,44444444444446,-52,44444444444444)
  tri 672 patch=672 side=A source: (75,-169,-77)|(75,-177,44444444444446,-52,44444444444444)|(60,-183,-53)
  tri 1603 patch=631 side=B source: (75,-177,44444444444446,-52,44444444444444)|(63,-173,-52)|(75,-169,-77)
  tri 1604 patch=632 side=B source: (75,-177,44444444444446,-52,44444444444444)|(75,-169,-77)|(90,-183,-53)
  SideSummary=mixed (A=1, B=2)
  triangles using this edge:
    tri 672: (75,-169,-77)|(75,-177,44444444444446,-52,44444444444444)|(60,-183,-53)
    tri 1603: (75,-177,44444444444446,-52,44444444444444)|(63,-173,-52)|(75,-169,-77)
    tri 1604: (75,-177,44444444444446,-52,44444444444444)|(75,-169,-77)|(90,-183,-53)

edge=(391,398) count=3
  v0=(75,-182,60000000000002,-31,2)
  v1=(75,-177,44444444444446,-52,44444444444444)
  tri 678 patch=678 side=A source: (75,-182,6,-31,2)|(60,-183,-53)|(75,-177,44444444444446,-52,44444444444444)
  tri 1610 patch=638 side=B source: (75,-182,59999999999997,-31,199999999999996)|(63,-173,-52)|(75,00000000000001,-177,44444444444443,-52,44444444444444)
  tri 1612 patch=640 side=B source: (75,00000000000001,-177,44444444444443,-52,44444444444444)|(78,-185,-26)|(75,-182,59999999999997,-31,199999999999996)
  SideSummary=mixed (A=1, B=2)
  triangles using this edge:
    tri 678: (75,-182,6,-31,2)|(60,-183,-53)|(75,-177,44444444444446,-52,44444444444444)
    tri 1610: (75,-182,59999999999997,-31,199999999999996)|(63,-173,-52)|(75,00000000000001,-177,44444444444443,-52,44444444444444)
    tri 1612: (75,00000000000001,-177,44444444444443,-52,44444444444444)|(78,-185,-26)|(75,-182,59999999999997,-31,199999999999996)

edge=(396,425) count=3
  v0=(75,-169,-77)
  v1=(75,-157,51724137931035,-97,3103448275862)
  tri 728 patch=728 side=A source: (75,-169,-77)|(62,-162,-100)|(75,-157,51724137931035,-97,3103448275862)
  tri 1903 patch=931 side=B source: (75,-157,51724137931035,-97,31034482758619)|(88,-162,-100)|(75,-169,-77)
  tri 1904 patch=932 side=B source: (75,-157,51724137931035,-97,31034482758619)|(75,-169,-77)|(59,-152,-94)
  SideSummary=mixed (A=1, B=2)
  triangles using this edge:
    tri 728: (75,-169,-77)|(62,-162,-100)|(75,-157,51724137931035,-97,3103448275862)
    tri 1903: (75,-157,51724137931035,-97,31034482758619)|(88,-162,-100)|(75,-169,-77)
    tri 1904: (75,-157,51724137931035,-97,31034482758619)|(75,-169,-77)|(59,-152,-94)

edge=(429,431) count=3
  v0=(75,-108,625,-149,875)
  v1=(75,-100,12,-155,8)
  tri 733 patch=733 side=A source: (75,-108,625,-149,875)|(69,-103,-157)|(75,-100,12,-155,8)
  tri 1891 patch=919 side=B source: (75,-100,12,-155,8)|(81,-103,-157)|(75,-108,625,-149,875)
  tri 1893 patch=921 side=B source: (75,-108,625,-149,875)|(56,-91,-152)|(75,-100,12,-155,8)
  SideSummary=mixed (A=1, B=2)
  triangles using this edge:
    tri 733: (75,-108,625,-149,875)|(69,-103,-157)|(75,-100,12,-155,8)
    tri 1891: (75,-100,12,-155,8)|(81,-103,-157)|(75,-108,625,-149,875)
    tri 1893: (75,-108,625,-149,875)|(56,-91,-152)|(75,-100,12,-155,8)

edge=(432,433) count=3
  v0=(75,-82,-166)
  v1=(75,-75,96000000000001,-169,32000000000002)
  tri 735 patch=735 side=A source: (75,-82,-166)|(52,-87,-173)|(75,-75,96000000000001,-169,32000000000002)
  tri 1888 patch=916 side=B source: (75,-82,-166)|(73,-75,-169)|(74,99999999999999,-75,96,-169,32)
  tri 1890 patch=918 side=B source: (74,99999999999999,-75,96,-169,32)|(81,-103,-157)|(75,-82,-166)
  SideSummary=mixed (A=1, B=2)
  triangles using this edge:
    tri 735: (75,-82,-166)|(52,-87,-173)|(75,-75,96000000000001,-169,32000000000002)
    tri 1888: (75,-82,-166)|(73,-75,-169)|(74,99999999999999,-75,96,-169,32)
    tri 1890: (74,99999999999999,-75,96,-169,32)|(81,-103,-157)|(75,-82,-166)

edge=(431,432) count=3
  v0=(75,-100,12,-155,8)
  v1=(75,-82,-166)
  tri 736 patch=736 side=A source: (75,-100,11999999999999,-155,79999999999998)|(69,-103,-157)|(75,-82,-166)
  tri 1894 patch=922 side=B source: (75,-82,-166)|(81,-103,-157)|(75,-100,11999999999999,-155,8)
  tri 1896 patch=924 side=B source: (75,-100,11999999999999,-155,8)|(73,-75,-169)|(75,-82,-166)
  SideSummary=mixed (A=1, B=2)
  triangles using this edge:
    tri 736: (75,-100,11999999999999,-155,79999999999998)|(69,-103,-157)|(75,-82,-166)
    tri 1894: (75,-82,-166)|(81,-103,-157)|(75,-100,11999999999999,-155,8)
    tri 1896: (75,-100,11999999999999,-155,8)|(73,-75,-169)|(75,-82,-166)

edge=(436,437) count=3
  v0=(75,-138,9090909090909,-121,63636363636363)
  v1=(75,-122,23076923076923,-138,76923076923077)
  tri 740 patch=740 side=A source: (75,-138,9090909090909,-121,63636363636363)|(59,-129,-140)|(75,-122,23076923076923,-138,76923076923077)
  tri 1883 patch=911 side=B source: (75,-138,9090909090909,-121,63636363636364)|(65,-118,-138)|(75,-122,23076923076923,-138,76923076923077)
  tri 1885 patch=913 side=B source: (75,-122,23076923076923,-138,76923076923077)|(76,-141,-120)|(75,-138,9090909090909,-121,63636363636364)
  SideSummary=mixed (A=1, B=2)
  triangles using this edge:
    tri 740: (75,-138,9090909090909,-121,63636363636363)|(59,-129,-140)|(75,-122,23076923076923,-138,76923076923077)
    tri 1883: (75,-138,9090909090909,-121,63636363636364)|(65,-118,-138)|(75,-122,23076923076923,-138,76923076923077)
    tri 1885: (75,-122,23076923076923,-138,76923076923077)|(76,-141,-120)|(75,-138,9090909090909,-121,63636363636364)

edge=(429,437) count=3
  v0=(75,-108,625,-149,875)
  v1=(75,-122,23076923076923,-138,76923076923077)
  tri 744 patch=744 side=A source: (75,00000000000001,-122,23076923076923,-138,76923076923077)|(69,-103,-157)|(75,-108,625,-149,875)
  tri 1898 patch=926 side=B source: (75,-122,23076923076923,-138,76923076923077)|(65,-118,-138)|(75,-108,625,-149,875)
  tri 1900 patch=928 side=B source: (75,-108,625,-149,875)|(91,-129,-140)|(75,-122,23076923076923,-138,76923076923077)
  SideSummary=mixed (A=1, B=2)
  triangles using this edge:
    tri 744: (75,00000000000001,-122,23076923076923,-138,76923076923077)|(69,-103,-157)|(75,-108,625,-149,875)
    tri 1898: (75,-122,23076923076923,-138,76923076923077)|(65,-118,-138)|(75,-108,625,-149,875)
    tri 1900: (75,-108,625,-149,875)|(91,-129,-140)|(75,-122,23076923076923,-138,76923076923077)

edge=(425,438) count=3
  v0=(75,-157,51724137931035,-97,3103448275862)
  v1=(75,-141,64705882352942,-118,47058823529412)
  tri 748 patch=748 side=A source: (75,-157,51724137931035,-97,31034482758622)|(74,-141,-120)|(75,-141,64705882352942,-118,47058823529412)
  tri 1907 patch=935 side=B source: (75,-157,51724137931032,-97,3103448275862)|(59,-152,-94)|(75,-141,64705882352942,-118,47058823529412)
  tri 1909 patch=937 side=B source: (75,-141,64705882352942,-118,47058823529412)|(88,-162,-100)|(75,-157,51724137931032,-97,3103448275862)
  SideSummary=mixed (A=1, B=2)
  triangles using this edge:
    tri 748: (75,-157,51724137931035,-97,31034482758622)|(74,-141,-120)|(75,-141,64705882352942,-118,47058823529412)
    tri 1907: (75,-157,51724137931032,-97,3103448275862)|(59,-152,-94)|(75,-141,64705882352942,-118,47058823529412)
    tri 1909: (75,-141,64705882352942,-118,47058823529412)|(88,-162,-100)|(75,-157,51724137931032,-97,3103448275862)

edge=(436,439) count=3
  v0=(75,-138,9090909090909,-121,63636363636363)
  v1=(75,-140,5862068965517,-119,75862068965517)
  tri 749 patch=749 side=A source: (75,-140,5862068965517,-119,75862068965517)|(74,-141,-120)|(74,99999999999999,-138,9090909090909,-121,63636363636364)
  tri 1910 patch=938 side=B source: (75,-138,9090909090909,-121,63636363636363)|(76,-141,-120)|(74,99999999999999,-140,58620689655172,-119,75862068965519)
  tri 1912 patch=940 side=B source: (74,99999999999999,-140,58620689655172,-119,75862068965519)|(65,-118,-138)|(75,-138,9090909090909,-121,63636363636363)
  SideSummary=mixed (A=1, B=2)
  triangles using this edge:
    tri 749: (75,-140,5862068965517,-119,75862068965517)|(74,-141,-120)|(74,99999999999999,-138,9090909090909,-121,63636363636364)
    tri 1910: (75,-138,9090909090909,-121,63636363636363)|(76,-141,-120)|(74,99999999999999,-140,58620689655172,-119,75862068965519)
    tri 1912: (74,99999999999999,-140,58620689655172,-119,75862068965519)|(65,-118,-138)|(75,-138,9090909090909,-121,63636363636363)

edge=(438,439) count=3
  v0=(75,-141,64705882352942,-118,47058823529412)
  v1=(75,-140,5862068965517,-119,75862068965517)
  tri 750 patch=750 side=A source: (75,-141,64705882352942,-118,4705882352941)|(74,-141,-120)|(75,-140,58620689655172,-119,75862068965517)
  tri 1913 patch=941 side=B source: (75,-140,58620689655174,-119,75862068965517)|(76,-141,-120)|(75,-141,6470588235294,-118,4705882352941)
  tri 1915 patch=943 side=B source: (75,-141,6470588235294,-118,4705882352941)|(47,-129,-113)|(75,-140,58620689655174,-119,75862068965517)
  SideSummary=mixed (A=1, B=2)
  triangles using this edge:
    tri 750: (75,-141,64705882352942,-118,4705882352941)|(74,-141,-120)|(75,-140,58620689655172,-119,75862068965517)
    tri 1913: (75,-140,58620689655174,-119,75862068965517)|(76,-141,-120)|(75,-141,6470588235294,-118,4705882352941)
    tri 1915: (75,-141,6470588235294,-118,4705882352941)|(47,-129,-113)|(75,-140,58620689655174,-119,75862068965517)

edge=(441,444) count=3
  v0=(75,-46,666666666666664,179)
  v1=(75,00000000000001,-49,178,41666666666669)
  tri 756 patch=756 side=A source: (75,-46,666666666666664,179)|(53,-60,183)|(75,00000000000001,-49,178,41666666666669)
  tri 1288 patch=316 side=B source: (75,-46,666666666666664,179)|(73,-48,178)|(75,-49,178,41666666666669)
  tri 1290 patch=318 side=B source: (75,-49,178,41666666666669)|(97,-32,190)|(75,-46,666666666666664,179)
  SideSummary=mixed (A=1, B=2)
  triangles using this edge:
    tri 756: (75,-46,666666666666664,179)|(53,-60,183)|(75,00000000000001,-49,178,41666666666669)
    tri 1288: (75,-46,666666666666664,179)|(73,-48,178)|(75,-49,178,41666666666669)
    tri 1290: (75,-49,178,41666666666669)|(97,-32,190)|(75,-46,666666666666664,179)

edge=(342,445) count=3
  v0=(75,-75,96,169,32)
  v1=(75,-73,75,170,16666666666666)
  tri 758 patch=758 side=A source: (75,-73,75,170,16666666666666)|(52,-87,173)|(74,99999999999999,-75,96,169,32000000000002)
  tri 1285 patch=313 side=B source: (75,-73,75,170,16666666666666)|(73,-75,169)|(75,-75,96000000000001,169,32)
  tri 1287 patch=315 side=B source: (75,-75,96000000000001,169,32)|(97,-60,183)|(75,-73,75,170,16666666666666)
  SideSummary=mixed (A=1, B=2)
  triangles using this edge:
    tri 758: (75,-73,75,170,16666666666666)|(52,-87,173)|(74,99999999999999,-75,96,169,32000000000002)
    tri 1285: (75,-73,75,170,16666666666666)|(73,-75,169)|(75,-75,96000000000001,169,32)
    tri 1287: (75,-75,96000000000001,169,32)|(97,-60,183)|(75,-73,75,170,16666666666666)

edge=(444,445) count=3
  v0=(75,00000000000001,-49,178,41666666666669)
  v1=(75,-73,75,170,16666666666666)
  tri 759 patch=759 side=A source: (75,-49,00000000000001,178,41666666666666)|(53,-60,183)|(75,-73,75,170,16666666666666)
  tri 1291 patch=319 side=B source: (75,-73,75,170,16666666666666)|(97,-60,183)|(75,-49,178,41666666666666)
  tri 1293 patch=321 side=B source: (75,-49,178,41666666666666)|(73,-75,169)|(75,-73,75,170,16666666666666)
  SideSummary=mixed (A=1, B=2)
  triangles using this edge:
    tri 759: (75,-49,00000000000001,178,41666666666666)|(53,-60,183)|(75,-73,75,170,16666666666666)
    tri 1291: (75,-73,75,170,16666666666666)|(97,-60,183)|(75,-49,178,41666666666666)
    tri 1293: (75,-49,178,41666666666666)|(73,-75,169)|(75,-73,75,170,16666666666666)

edge=(196,452) count=1
  v0=(77,75,169)
  v1=(75,73,75,170,16666666666666)
  tri 776 patch=776 side=A source: (75,73,75,170,16666666666666)|(77,75,169)|(75,75,96000000000001,169,32)
  SideSummary=A-only (A=1, B=0)
  triangles using this edge:
    tri 776: (75,73,75,170,16666666666666)|(77,75,169)|(75,75,96000000000001,169,32)

edge=(195,452) count=4
  v0=(75,75,96000000000001,169,32000000000002)
  v1=(75,73,75,170,16666666666666)
  tri 776 patch=776 side=A source: (75,73,75,170,16666666666666)|(77,75,169)|(75,75,96000000000001,169,32)
  tri 778 patch=778 side=A source: (75,75,96000000000001,169,32)|(53,60,183)|(75,73,75,170,16666666666666)
  tri 1263 patch=291 side=B source: (75,00000000000001,75,96,169,32000000000002)|(73,75,169)|(75,73,75,170,16666666666666)
  tri 1265 patch=293 side=B source: (75,73,75,170,16666666666666)|(98,87,173)|(75,00000000000001,75,96,169,32000000000002)
  SideSummary=mixed (A=2, B=2)
  triangles using this edge:
    tri 776: (75,73,75,170,16666666666666)|(77,75,169)|(75,75,96000000000001,169,32)
    tri 778: (75,75,96000000000001,169,32)|(53,60,183)|(75,73,75,170,16666666666666)
    tri 1263: (75,00000000000001,75,96,169,32000000000002)|(73,75,169)|(75,73,75,170,16666666666666)
    tri 1265: (75,73,75,170,16666666666666)|(98,87,173)|(75,00000000000001,75,96,169,32000000000002)

edge=(455,456) count=1
  v0=(77,48,178)
  v1=(75,00000000000001,49,178,41666666666669)
  tri 779 patch=779 side=A source: (75,46,66666666666667,178,99999999999997)|(77,48,178)|(75,00000000000001,49,178,41666666666669)
  SideSummary=A-only (A=1, B=0)
  triangles using this edge:
    tri 779: (75,46,66666666666667,178,99999999999997)|(77,48,178)|(75,00000000000001,49,178,41666666666669)

edge=(454,456) count=4
  v0=(75,46,66666666666667,178,99999999999997)
  v1=(75,00000000000001,49,178,41666666666669)
  tri 779 patch=779 side=A source: (75,46,66666666666667,178,99999999999997)|(77,48,178)|(75,00000000000001,49,178,41666666666669)
  tri 781 patch=781 side=A source: (75,00000000000001,49,178,41666666666669)|(53,32,190)|(75,46,66666666666667,178,99999999999997)
  tri 1260 patch=288 side=B source: (75,49,178,41666666666669)|(73,48,178)|(75,46,66666666666667,179)
  tri 1262 patch=290 side=B source: (75,46,66666666666667,179)|(97,60,183)|(75,49,178,41666666666669)
  SideSummary=mixed (A=2, B=2)
  triangles using this edge:
    tri 779: (75,46,66666666666667,178,99999999999997)|(77,48,178)|(75,00000000000001,49,178,41666666666669)
    tri 781: (75,00000000000001,49,178,41666666666669)|(53,32,190)|(75,46,66666666666667,178,99999999999997)
    tri 1260: (75,49,178,41666666666669)|(73,48,178)|(75,46,66666666666667,179)
    tri 1262: (75,46,66666666666667,179)|(97,60,183)|(75,49,178,41666666666669)

edge=(452,456) count=3
  v0=(75,73,75,170,16666666666666)
  v1=(75,00000000000001,49,178,41666666666669)
  tri 782 patch=782 side=A source: (75,73,75,170,16666666666666)|(53,60,183)|(75,49,178,41666666666666)
  tri 1266 patch=294 side=B source: (74,99999999999999,49,00000000000001,178,41666666666666)|(97,60,183)|(75,73,75,170,16666666666666)
  tri 1268 patch=296 side=B source: (75,73,75,170,16666666666666)|(73,48,178)|(74,99999999999999,49,00000000000001,178,41666666666666)
  SideSummary=mixed (A=1, B=2)
  triangles using this edge:
    tri 782: (75,73,75,170,16666666666666)|(53,60,183)|(75,49,178,41666666666666)
    tri 1266: (74,99999999999999,49,00000000000001,178,41666666666666)|(97,60,183)|(75,73,75,170,16666666666666)
    tri 1268: (75,73,75,170,16666666666666)|(73,48,178)|(74,99999999999999,49,00000000000001,178,41666666666666)

edge=(441,457) count=3
  v0=(75,-46,666666666666664,179)
  v1=(75,-18,96296296296296,184,29629629629628)
  tri 787 patch=787 side=A source: (75,-18,96296296296296,184,29629629629628)|(53,-32,190)|(75,-46,66666666666667,178,99999999999997)
  tri 1301 patch=329 side=B source: (75,00000000000001,-46,66666666666667,179)|(97,-32,190)|(75,-18,962962962962962,184,2962962962963)
  tri 1303 patch=331 side=B source: (75,-18,962962962962962,184,2962962962963)|(73,-48,178)|(75,00000000000001,-46,66666666666667,179)
  SideSummary=mixed (A=1, B=2)
  triangles using this edge:
    tri 787: (75,-18,96296296296296,184,29629629629628)|(53,-32,190)|(75,-46,66666666666667,178,99999999999997)
    tri 1301: (75,00000000000001,-46,66666666666667,179)|(97,-32,190)|(75,-18,962962962962962,184,2962962962963)
    tri 1303: (75,-18,962962962962962,184,2962962962963)|(73,-48,178)|(75,00000000000001,-46,66666666666667,179)

edge=(454,458) count=4
  v0=(75,46,66666666666667,178,99999999999997)
  v1=(75,18,962962962962962,184,2962962962963)
  tri 788 patch=788 side=A source: (75,46,66666666666667,179)|(53,32,190)|(75,18,962962962962962,184,2962962962963)
  tri 789 patch=789 side=A source: (75,18,962962962962962,184,2962962962963)|(77,48,178)|(75,46,66666666666667,179)
  tri 1298 patch=326 side=B source: (74,99999999999999,18,96296296296296,184,29629629629628)|(97,32,190)|(75,46,66666666666667,178,99999999999997)
  tri 1300 patch=328 side=B source: (75,46,66666666666667,178,99999999999997)|(70,16,183)|(74,99999999999999,18,96296296296296,184,29629629629628)
  SideSummary=mixed (A=2, B=2)
  triangles using this edge:
    tri 788: (75,46,66666666666667,179)|(53,32,190)|(75,18,962962962962962,184,2962962962963)
    tri 789: (75,18,962962962962962,184,2962962962963)|(77,48,178)|(75,46,66666666666667,179)
    tri 1298: (74,99999999999999,18,96296296296296,184,29629629629628)|(97,32,190)|(75,46,66666666666667,178,99999999999997)
    tri 1300: (75,46,66666666666667,178,99999999999997)|(70,16,183)|(74,99999999999999,18,96296296296296,184,29629629629628)

edge=(455,458) count=1
  v0=(77,48,178)
  v1=(75,18,962962962962962,184,2962962962963)
  tri 789 patch=789 side=A source: (75,18,962962962962962,184,2962962962963)|(77,48,178)|(75,46,66666666666667,179)
  SideSummary=A-only (A=1, B=0)
  triangles using this edge:
    tri 789: (75,18,962962962962962,184,2962962962963)|(77,48,178)|(75,46,66666666666667,179)

edge=(458,460) count=3
  v0=(75,18,962962962962962,184,2962962962963)
  v1=(75,13,037037037037038,184,85185185185185)
  tri 795 patch=795 side=A source: (75,18,962962962962962,184,2962962962963)|(53,0,193)|(75,13,037037037037038,184,85185185185185)
  tri 1311 patch=339 side=B source: (75,18,962962962962962,184,29629629629628)|(70,16,183)|(75,13,037037037037038,184,85185185185185)
  tri 1313 patch=341 side=B source: (75,13,037037037037038,184,85185185185185)|(97,32,190)|(75,18,962962962962962,184,29629629629628)
  SideSummary=mixed (A=1, B=2)
  triangles using this edge:
    tri 795: (75,18,962962962962962,184,2962962962963)|(53,0,193)|(75,13,037037037037038,184,85185185185185)
    tri 1311: (75,18,962962962962962,184,29629629629628)|(70,16,183)|(75,13,037037037037038,184,85185185185185)
    tri 1313: (75,13,037037037037038,184,85185185185185)|(97,32,190)|(75,18,962962962962962,184,29629629629628)

edge=(457,461) count=3
  v0=(75,-18,96296296296296,184,29629629629628)
  v1=(75,-13,037037037037038,184,85185185185185)
  tri 797 patch=797 side=A source: (75,-13,037037037037038,184,85185185185185)|(53,-32,190)|(75,-18,962962962962962,184,29629629629628)
  tri 1308 patch=336 side=B source: (75,-13,037037037037038,184,85185185185185)|(70,-16,183)|(75,-18,962962962962962,184,2962962962963)
  tri 1310 patch=338 side=B source: (75,-18,962962962962962,184,2962962962963)|(97,0,193)|(75,-13,037037037037038,184,85185185185185)
  SideSummary=mixed (A=1, B=2)
  triangles using this edge:
    tri 797: (75,-13,037037037037038,184,85185185185185)|(53,-32,190)|(75,-18,962962962962962,184,29629629629628)
    tri 1308: (75,-13,037037037037038,184,85185185185185)|(70,-16,183)|(75,-18,962962962962962,184,2962962962963)
    tri 1310: (75,-18,962962962962962,184,2962962962963)|(97,0,193)|(75,-13,037037037037038,184,85185185185185)

edge=(460,461) count=3
  v0=(75,13,037037037037038,184,85185185185185)
  v1=(75,-13,037037037037038,184,85185185185185)
  tri 798 patch=798 side=A source: (75,13,037037037037038,184,85185185185185)|(53,0,193)|(75,-13,037037037037035,184,85185185185185)
  tri 1314 patch=342 side=B source: (75,-13,037037037037038,184,85185185185185)|(97,0,193)|(75,13,037037037037035,184,85185185185185)
  tri 1316 patch=344 side=B source: (75,13,037037037037035,184,85185185185185)|(70,-16,183)|(75,-13,037037037037038,184,85185185185185)
  SideSummary=mixed (A=1, B=2)
  triangles using this edge:
    tri 798: (75,13,037037037037038,184,85185185185185)|(53,0,193)|(75,-13,037037037037035,184,85185185185185)
    tri 1314: (75,-13,037037037037038,184,85185185185185)|(97,0,193)|(75,13,037037037037035,184,85185185185185)
    tri 1316: (75,13,037037037037035,184,85185185185185)|(70,-16,183)|(75,-13,037037037037038,184,85185185185185)

edge=(433,509) count=3
  v0=(75,-75,96000000000001,-169,32000000000002)
  v1=(75,-73,75,-170,16666666666666)
  tri 936 patch=936 side=A source: (75,-75,96000000000001,-169,32)|(53,-60,-183)|(75,-73,75,-170,16666666666666)
  tri 1345 patch=373 side=B source: (75,00000000000001,-75,96,-169,32000000000002)|(73,-75,-169)|(75,-73,75,-170,16666666666666)
  tri 1347 patch=375 side=B source: (75,-73,75,-170,16666666666666)|(98,-87,-173)|(75,00000000000001,-75,96,-169,32000000000002)
  SideSummary=mixed (A=1, B=2)
  triangles using this edge:
    tri 936: (75,-75,96000000000001,-169,32)|(53,-60,-183)|(75,-73,75,-170,16666666666666)
    tri 1345: (75,00000000000001,-75,96,-169,32000000000002)|(73,-75,-169)|(75,-73,75,-170,16666666666666)
    tri 1347: (75,-73,75,-170,16666666666666)|(98,-87,-173)|(75,00000000000001,-75,96,-169,32000000000002)

edge=(510,511) count=3
  v0=(75,00000000000001,-49,-178,41666666666669)
  v1=(75,-46,66666666666667,-178,99999999999997)
  tri 938 patch=938 side=A source: (75,00000000000001,-49,-178,41666666666669)|(53,-32,-190)|(75,-46,66666666666667,-178,99999999999997)
  tri 1342 patch=370 side=B source: (75,-49,-178,41666666666669)|(73,-48,-178)|(75,-46,66666666666667,-179)
  tri 1344 patch=372 side=B source: (75,-46,66666666666667,-179)|(97,-60,-183)|(75,-49,-178,41666666666669)
  SideSummary=mixed (A=1, B=2)
  triangles using this edge:
    tri 938: (75,00000000000001,-49,-178,41666666666669)|(53,-32,-190)|(75,-46,66666666666667,-178,99999999999997)
    tri 1342: (75,-49,-178,41666666666669)|(73,-48,-178)|(75,-46,66666666666667,-179)
    tri 1344: (75,-46,66666666666667,-179)|(97,-60,-183)|(75,-49,-178,41666666666669)

edge=(513,516) count=3
  v0=(75,46,66666666666667,-179)
  v1=(75,00000000000001,49,-178,41666666666669)
  tri 949 patch=949 side=A source: (75,46,66666666666667,-179)|(53,60,-183)|(75,00000000000001,49,-178,41666666666669)
  tri 1328 patch=356 side=B source: (75,46,666666666666664,-179)|(73,48,-178)|(75,49,-178,41666666666669)
  tri 1330 patch=358 side=B source: (75,49,-178,41666666666669)|(97,32,-190)|(75,46,666666666666664,-179)
  SideSummary=mixed (A=1, B=2)
  triangles using this edge:
    tri 949: (75,46,66666666666667,-179)|(53,60,-183)|(75,00000000000001,49,-178,41666666666669)
    tri 1328: (75,46,666666666666664,-179)|(73,48,-178)|(75,49,-178,41666666666669)
    tri 1330: (75,49,-178,41666666666669)|(97,32,-190)|(75,46,666666666666664,-179)

edge=(321,517) count=3
  v0=(75,75,96,-169,32)
  v1=(75,73,75,-170,16666666666666)
  tri 951 patch=951 side=A source: (75,73,75,-170,16666666666666)|(52,87,-173)|(74,99999999999999,75,96,-169,32000000000002)
  tri 1325 patch=353 side=B source: (75,73,75,-170,16666666666666)|(73,75,-169)|(75,75,96000000000001,-169,32)
  tri 1327 patch=355 side=B source: (75,75,96000000000001,-169,32)|(97,60,-183)|(75,73,75,-170,16666666666666)
  SideSummary=mixed (A=1, B=2)
  triangles using this edge:
    tri 951: (75,73,75,-170,16666666666666)|(52,87,-173)|(74,99999999999999,75,96,-169,32000000000002)
    tri 1325: (75,73,75,-170,16666666666666)|(73,75,-169)|(75,75,96000000000001,-169,32)
    tri 1327: (75,75,96000000000001,-169,32)|(97,60,-183)|(75,73,75,-170,16666666666666)

edge=(516,517) count=3
  v0=(75,00000000000001,49,-178,41666666666669)
  v1=(75,73,75,-170,16666666666666)
  tri 952 patch=952 side=A source: (75,49,00000000000001,-178,41666666666666)|(53,60,-183)|(75,73,75,-170,16666666666666)
  tri 1331 patch=359 side=B source: (75,73,75,-170,16666666666666)|(97,60,-183)|(75,49,-178,41666666666666)
  tri 1333 patch=361 side=B source: (75,49,-178,41666666666666)|(73,75,-169)|(75,73,75,-170,16666666666666)
  SideSummary=mixed (A=1, B=2)
  triangles using this edge:
    tri 952: (75,49,00000000000001,-178,41666666666666)|(53,60,-183)|(75,73,75,-170,16666666666666)
    tri 1331: (75,73,75,-170,16666666666666)|(97,60,-183)|(75,49,-178,41666666666666)
    tri 1333: (75,49,-178,41666666666666)|(73,75,-169)|(75,73,75,-170,16666666666666)

edge=(511,520) count=3
  v0=(75,-46,66666666666667,-178,99999999999997)
  v1=(75,-18,962962962962962,-184,2962962962963)
  tri 961 patch=961 side=A source: (75,-46,666666666666664,-178,99999999999997)|(53,-32,-190)|(75,-18,962962962962962,-184,2962962962963)
  tri 1364 patch=392 side=B source: (74,99999999999999,-18,96296296296296,-184,29629629629628)|(97,-32,-190)|(75,-46,66666666666667,-178,99999999999997)
  tri 1366 patch=394 side=B source: (75,-46,66666666666667,-178,99999999999997)|(70,-16,-183)|(74,99999999999999,-18,96296296296296,-184,29629629629628)
  SideSummary=mixed (A=1, B=2)
  triangles using this edge:
    tri 961: (75,-46,666666666666664,-178,99999999999997)|(53,-32,-190)|(75,-18,962962962962962,-184,2962962962963)
    tri 1364: (74,99999999999999,-18,96296296296296,-184,29629629629628)|(97,-32,-190)|(75,-46,66666666666667,-178,99999999999997)
    tri 1366: (75,-46,66666666666667,-178,99999999999997)|(70,-16,-183)|(74,99999999999999,-18,96296296296296,-184,29629629629628)

edge=(513,522) count=3
  v0=(75,46,66666666666667,-179)
  v1=(75,18,96296296296296,-184,29629629629628)
  tri 966 patch=966 side=A source: (75,18,96296296296296,-184,29629629629628)|(53,32,-190)|(75,46,66666666666667,-178,99999999999997)
  tri 1357 patch=385 side=B source: (75,00000000000001,46,66666666666667,-179)|(97,32,-190)|(75,18,962962962962962,-184,2962962962963)
  tri 1359 patch=387 side=B source: (75,18,962962962962962,-184,2962962962963)|(73,48,-178)|(75,00000000000001,46,66666666666667,-179)
  SideSummary=mixed (A=1, B=2)
  triangles using this edge:
    tri 966: (75,18,96296296296296,-184,29629629629628)|(53,32,-190)|(75,46,66666666666667,-178,99999999999997)
    tri 1357: (75,00000000000001,46,66666666666667,-179)|(97,32,-190)|(75,18,962962962962962,-184,2962962962963)
    tri 1359: (75,18,962962962962962,-184,2962962962963)|(73,48,-178)|(75,00000000000001,46,66666666666667,-179)

edge=(520,523) count=3
  v0=(75,-18,962962962962962,-184,2962962962963)
  v1=(75,-13,037037037037038,-184,85185185185185)
  tri 968 patch=968 side=A source: (75,-18,962962962962962,-184,2962962962963)|(53,0,-193)|(75,-13,037037037037038,-184,85185185185185)
  tri 1370 patch=398 side=B source: (75,-18,962962962962962,-184,29629629629628)|(70,-16,-183)|(75,-13,037037037037038,-184,85185185185185)
  tri 1372 patch=400 side=B source: (75,-13,037037037037038,-184,85185185185185)|(97,-32,-190)|(75,-18,962962962962962,-184,29629629629628)
  SideSummary=mixed (A=1, B=2)
  triangles using this edge:
    tri 968: (75,-18,962962962962962,-184,2962962962963)|(53,0,-193)|(75,-13,037037037037038,-184,85185185185185)
    tri 1370: (75,-18,962962962962962,-184,29629629629628)|(70,-16,-183)|(75,-13,037037037037038,-184,85185185185185)
    tri 1372: (75,-13,037037037037038,-184,85185185185185)|(97,-32,-190)|(75,-18,962962962962962,-184,29629629629628)

edge=(522,524) count=3
  v0=(75,18,96296296296296,-184,29629629629628)
  v1=(75,13,037037037037038,-184,85185185185185)
  tri 970 patch=970 side=A source: (75,13,037037037037038,-184,85185185185185)|(53,32,-190)|(75,18,962962962962962,-184,29629629629628)
  tri 1367 patch=395 side=B source: (75,13,037037037037038,-184,85185185185185)|(70,16,-183)|(75,18,962962962962962,-184,2962962962963)
  tri 1369 patch=397 side=B source: (75,18,962962962962962,-184,2962962962963)|(97,0,-193)|(75,13,037037037037038,-184,85185185185185)
  SideSummary=mixed (A=1, B=2)
  triangles using this edge:
    tri 970: (75,13,037037037037038,-184,85185185185185)|(53,32,-190)|(75,18,962962962962962,-184,29629629629628)
    tri 1367: (75,13,037037037037038,-184,85185185185185)|(70,16,-183)|(75,18,962962962962962,-184,2962962962963)
    tri 1369: (75,18,962962962962962,-184,2962962962963)|(97,0,-193)|(75,13,037037037037038,-184,85185185185185)

edge=(523,524) count=3
  v0=(75,-13,037037037037038,-184,85185185185185)
  v1=(75,13,037037037037038,-184,85185185185185)
  tri 971 patch=971 side=A source: (75,-13,037037037037036,-184,85185185185185)|(53,0,-193)|(75,13,037037037037036,-184,85185185185185)
  tri 1373 patch=401 side=B source: (75,13,037037037037036,-184,85185185185185)|(97,0,-193)|(75,-13,037037037037036,-184,85185185185185)
  tri 1375 patch=403 side=B source: (75,-13,037037037037036,-184,85185185185185)|(70,16,-183)|(75,13,037037037037036,-184,85185185185185)
  SideSummary=mixed (A=1, B=2)
  triangles using this edge:
    tri 971: (75,-13,037037037037036,-184,85185185185185)|(53,0,-193)|(75,13,037037037037036,-184,85185185185185)
    tri 1373: (75,13,037037037037036,-184,85185185185185)|(97,0,-193)|(75,-13,037037037037036,-184,85185185185185)
    tri 1375: (75,-13,037037037037036,-184,85185185185185)|(70,16,-183)|(75,13,037037037037036,-184,85185185185185)

edge=(527,528) count=1
  v0=(63,173,52)
  v1=(47,157,69)
  tri 974 patch=2 side=B source: (63,173,52)|(47,157,69)|(75,169,77)
  SideSummary=B-only (A=0, B=1)
  triangles using this edge:
    tri 974: (63,173,52)|(47,157,69)|(75,169,77)

edge=(526,528) count=1
  v0=(59,152,94)
  v1=(47,157,69)
  tri 975 patch=3 side=B source: (75,169,77)|(47,157,69)|(59,152,94)
  SideSummary=B-only (A=0, B=1)
  triangles using this edge:
    tri 975: (75,169,77)|(47,157,69)|(59,152,94)

edge=(537,541) count=1
  v0=(65,118,138)
  v1=(56,91,152)
  tri 990 patch=18 side=B source: (75,108,625,149,875)|(65,118,138)|(56,91,152)
  SideSummary=B-only (A=0, B=1)
  triangles using this edge:
    tri 990: (75,108,625,149,875)|(65,118,138)|(56,91,152)

edge=(539,541) count=1
  v0=(73,75,169)
  v1=(56,91,152)
  tri 993 patch=21 side=B source: (75,100,11999999999999,155,8)|(56,91,152)|(73,75,169)
  SideSummary=B-only (A=0, B=1)
  triangles using this edge:
    tri 993: (75,100,11999999999999,155,8)|(56,91,152)|(73,75,169)

edge=(537,542) count=1
  v0=(65,118,138)
  v1=(47,129,113)
  tri 1005 patch=33 side=B source: (74,99999999999999,140,58620689655172,119,75862068965519)|(47,129,113)|(65,118,138)
  SideSummary=B-only (A=0, B=1)
  triangles using this edge:
    tri 1005: (74,99999999999999,140,58620689655172,119,75862068965519)|(47,129,113)|(65,118,138)

edge=(526,542) count=1
  v0=(59,152,94)
  v1=(47,129,113)
  tri 1008 patch=36 side=B source: (75,141,6470588235294,118,4705882352941)|(59,152,94)|(47,129,113)
  SideSummary=B-only (A=0, B=1)
  triangles using this edge:
    tri 1008: (75,141,6470588235294,118,4705882352941)|(59,152,94)|(47,129,113)

edge=(527,544) count=1
  v0=(63,173,52)
  v1=(53,173,26)
  tri 1011 patch=39 side=B source: (75,183,56,26)|(53,173,26)|(63,173,52)
  SideSummary=B-only (A=0, B=1)
  triangles using this edge:
    tri 1011: (75,183,56,26)|(53,173,26)|(63,173,52)

edge=(544,545) count=1
  v0=(53,173,26)
  v1=(69,183,0)
  tri 1017 patch=45 side=B source: (75,184,33333333333334,17,333333333333332)|(69,183,0)|(53,173,26)
  SideSummary=B-only (A=0, B=1)
  triangles using this edge:
    tri 1017: (75,184,33333333333334,17,333333333333332)|(69,183,0)|(53,173,26)

edge=(581,582) count=1
  v0=(63,173,-52)
  v1=(53,173,-26)
  tri 1086 patch=114 side=B source: (75,182,6,-31,200000000000006)|(63,173,-52)|(53,173,-26)
  SideSummary=B-only (A=0, B=1)
  triangles using this edge:
    tri 1086: (75,182,6,-31,200000000000006)|(63,173,-52)|(53,173,-26)

edge=(545,582) count=1
  v0=(69,183,0)
  v1=(53,173,-26)
  tri 1089 patch=117 side=B source: (75,183,56,-25,999999999999996)|(53,173,-26)|(69,183,0)
  SideSummary=B-only (A=0, B=1)
  triangles using this edge:
    tri 1089: (75,183,56,-25,999999999999996)|(53,173,-26)|(69,183,0)

edge=(581,616) count=1
  v0=(63,173,-52)
  v1=(47,157,-69)
  tri 1156 patch=184 side=B source: (63,173,-52)|(75,169,-77)|(47,157,-69)
  SideSummary=B-only (A=0, B=1)
  triangles using this edge:
    tri 1156: (63,173,-52)|(75,169,-77)|(47,157,-69)

edge=(615,616) count=1
  v0=(59,152,-94)
  v1=(47,157,-69)
  tri 1157 patch=185 side=B source: (59,152,-94)|(47,157,-69)|(75,169,-77)
  SideSummary=B-only (A=0, B=1)
  triangles using this edge:
    tri 1157: (59,152,-94)|(47,157,-69)|(75,169,-77)

edge=(621,622) count=1
  v0=(56,91,-152)
  v1=(65,118,-138)
  tri 1163 patch=191 side=B source: (75,100,12,-155,8)|(56,91,-152)|(65,118,-138)
  SideSummary=B-only (A=0, B=1)
  triangles using this edge:
    tri 1163: (75,100,12,-155,8)|(56,91,-152)|(65,118,-138)

edge=(621,623) count=1
  v0=(56,91,-152)
  v1=(73,75,-169)
  tri 1169 patch=197 side=B source: (75,82,-166)|(73,75,-169)|(56,91,-152)
  SideSummary=B-only (A=0, B=1)
  triangles using this edge:
    tri 1169: (75,82,-166)|(73,75,-169)|(56,91,-152)

edge=(622,626) count=1
  v0=(65,118,-138)
  v1=(47,129,-113)
  tri 1187 patch=215 side=B source: (75,138,9090909090909,-121,63636363636364)|(65,118,-138)|(47,129,-113)
  SideSummary=B-only (A=0, B=1)
  triangles using this edge:
    tri 1187: (75,138,9090909090909,-121,63636363636364)|(65,118,-138)|(47,129,-113)

edge=(615,626) count=1
  v0=(59,152,-94)
  v1=(47,129,-113)
  tri 1190 patch=218 side=B source: (75,140,58620689655172,-119,75862068965517)|(47,129,-113)|(59,152,-94)
  SideSummary=B-only (A=0, B=1)
  triangles using this edge:
    tri 1190: (75,140,58620689655172,-119,75862068965517)|(47,129,-113)|(59,152,-94)

edge=(539,666) count=1
  v0=(73,75,169)
  v1=(73,48,178)
  tri 1267 patch=295 side=B source: (75,73,75,170,16666666666666)|(73,75,169)|(73,48,178)
  SideSummary=B-only (A=0, B=1)
  triangles using this edge:
    tri 1267: (75,73,75,170,16666666666666)|(73,75,169)|(73,48,178)

edge=(683,685) count=1
  v0=(73,-75,169)
  v1=(73,-48,178)
  tri 1292 patch=320 side=B source: (75,-49,178,41666666666666)|(73,-48,178)|(73,-75,169)
  SideSummary=B-only (A=0, B=1)
  triangles using this edge:
    tri 1292: (75,-49,178,41666666666666)|(73,-48,178)|(73,-75,169)

edge=(666,686) count=1
  v0=(73,48,178)
  v1=(70,16,183)
  tri 1299 patch=327 side=B source: (75,46,66666666666667,178,99999999999997)|(73,48,178)|(70,16,183)
  SideSummary=B-only (A=0, B=1)
  triangles using this edge:
    tri 1299: (75,46,66666666666667,178,99999999999997)|(73,48,178)|(70,16,183)

edge=(685,687) count=1
  v0=(73,-48,178)
  v1=(70,-16,183)
  tri 1302 patch=330 side=B source: (75,-18,962962962962962,184,2962962962963)|(70,-16,183)|(73,-48,178)
  SideSummary=B-only (A=0, B=1)
  triangles using this edge:
    tri 1302: (75,-18,962962962962962,184,2962962962963)|(70,-16,183)|(73,-48,178)

edge=(686,687) count=1
  v0=(70,16,183)
  v1=(70,-16,183)
  tri 1315 patch=343 side=B source: (75,13,037037037037035,184,85185185185185)|(70,16,183)|(70,-16,183)
  SideSummary=B-only (A=0, B=1)
  triangles using this edge:
    tri 1315: (75,13,037037037037035,184,85185185185185)|(70,16,183)|(70,-16,183)

edge=(623,698) count=1
  v0=(73,75,-169)
  v1=(73,48,-178)
  tri 1332 patch=360 side=B source: (75,49,-178,41666666666666)|(73,48,-178)|(73,75,-169)
  SideSummary=B-only (A=0, B=1)
  triangles using this edge:
    tri 1332: (75,49,-178,41666666666666)|(73,48,-178)|(73,75,-169)

edge=(510,705) count=1
  v0=(75,00000000000001,-49,-178,41666666666669)
  v1=(73,-48,-178)
  tri 1342 patch=370 side=B source: (75,-49,-178,41666666666669)|(73,-48,-178)|(75,-46,66666666666667,-179)
  SideSummary=B-only (A=0, B=1)
  triangles using this edge:
    tri 1342: (75,-49,-178,41666666666669)|(73,-48,-178)|(75,-46,66666666666667,-179)

edge=(509,708) count=1
  v0=(75,-73,75,-170,16666666666666)
  v1=(73,-75,-169)
  tri 1345 patch=373 side=B source: (75,00000000000001,-75,96,-169,32000000000002)|(73,-75,-169)|(75,-73,75,-170,16666666666666)
  SideSummary=B-only (A=0, B=1)
  triangles using this edge:
    tri 1345: (75,00000000000001,-75,96,-169,32000000000002)|(73,-75,-169)|(75,-73,75,-170,16666666666666)

edge=(698,712) count=1
  v0=(73,48,-178)
  v1=(70,16,-183)
  tri 1358 patch=386 side=B source: (75,18,962962962962962,-184,2962962962963)|(70,16,-183)|(73,48,-178)
  SideSummary=B-only (A=0, B=1)
  triangles using this edge:
    tri 1358: (75,18,962962962962962,-184,2962962962963)|(70,16,-183)|(73,48,-178)

edge=(705,714) count=1
  v0=(73,-48,-178)
  v1=(70,-16,-183)
  tri 1365 patch=393 side=B source: (75,-46,66666666666667,-178,99999999999997)|(73,-48,-178)|(70,-16,-183)
  SideSummary=B-only (A=0, B=1)
  triangles using this edge:
    tri 1365: (75,-46,66666666666667,-178,99999999999997)|(73,-48,-178)|(70,-16,-183)

edge=(712,714) count=1
  v0=(70,16,-183)
  v1=(70,-16,-183)
  tri 1374 patch=402 side=B source: (75,-13,037037037037036,-184,85185185185185)|(70,-16,-183)|(70,16,-183)
  SideSummary=B-only (A=0, B=1)
  triangles using this edge:
    tri 1374: (75,-13,037037037037036,-184,85185185185185)|(70,-16,-183)|(70,16,-183)

edge=(817,818) count=1
  v0=(63,-173,52)
  v1=(53,-173,26)
  tri 1540 patch=568 side=B source: (75,-182,6,31,200000000000006)|(63,-173,52)|(53,-173,26)
  SideSummary=B-only (A=0, B=1)
  triangles using this edge:
    tri 1540: (75,-182,6,31,200000000000006)|(63,-173,52)|(53,-173,26)

edge=(814,818) count=1
  v0=(69,-183,0)
  v1=(53,-173,26)
  tri 1543 patch=571 side=B source: (75,-183,56,25,999999999999996)|(53,-173,26)|(69,-183,0)
  SideSummary=B-only (A=0, B=1)
  triangles using this edge:
    tri 1543: (75,-183,56,25,999999999999996)|(53,-173,26)|(69,-183,0)

edge=(839,840) count=1
  v0=(53,-173,-26)
  v1=(63,-173,-52)
  tri 1593 patch=621 side=B source: (75,-183,56,-26)|(53,-173,-26)|(63,-173,-52)
  SideSummary=B-only (A=0, B=1)
  triangles using this edge:
    tri 1593: (75,-183,56,-26)|(53,-173,-26)|(63,-173,-52)

edge=(814,839) count=1
  v0=(69,-183,0)
  v1=(53,-173,-26)
  tri 1599 patch=627 side=B source: (75,-184,33333333333334,-17,333333333333332)|(69,-183,0)|(53,-173,-26)
  SideSummary=B-only (A=0, B=1)
  triangles using this edge:
    tri 1599: (75,-184,33333333333334,-17,333333333333332)|(69,-183,0)|(53,-173,-26)

edge=(817,947) count=1
  v0=(63,-173,52)
  v1=(47,-157,69)
  tri 1842 patch=870 side=B source: (63,-173,52)|(75,-169,77)|(47,-157,69)
  SideSummary=B-only (A=0, B=1)
  triangles using this edge:
    tri 1842: (63,-173,52)|(75,-169,77)|(47,-157,69)

edge=(946,947) count=1
  v0=(59,-152,94)
  v1=(47,-157,69)
  tri 1843 patch=871 side=B source: (59,-152,94)|(47,-157,69)|(75,-169,77)
  SideSummary=B-only (A=0, B=1)
  triangles using this edge:
    tri 1843: (59,-152,94)|(47,-157,69)|(75,-169,77)

edge=(950,951) count=1
  v0=(56,-91,152)
  v1=(65,-118,138)
  tri 1849 patch=877 side=B source: (75,-100,12,155,8)|(56,-91,152)|(65,-118,138)
  SideSummary=B-only (A=0, B=1)
  triangles using this edge:
    tri 1849: (75,-100,12,155,8)|(56,-91,152)|(65,-118,138)

edge=(683,950) count=1
  v0=(73,-75,169)
  v1=(56,-91,152)
  tri 1855 patch=883 side=B source: (75,-82,166)|(73,-75,169)|(56,-91,152)
  SideSummary=B-only (A=0, B=1)
  triangles using this edge:
    tri 1855: (75,-82,166)|(73,-75,169)|(56,-91,152)

edge=(951,954) count=1
  v0=(65,-118,138)
  v1=(47,-129,113)
  tri 1873 patch=901 side=B source: (75,-138,9090909090909,121,63636363636364)|(65,-118,138)|(47,-129,113)
  SideSummary=B-only (A=0, B=1)
  triangles using this edge:
    tri 1873: (75,-138,9090909090909,121,63636363636364)|(65,-118,138)|(47,-129,113)

edge=(946,954) count=1
  v0=(59,-152,94)
  v1=(47,-129,113)
  tri 1876 patch=904 side=B source: (75,-140,58620689655172,119,75862068965517)|(47,-129,113)|(59,-152,94)
  SideSummary=B-only (A=0, B=1)
  triangles using this edge:
    tri 1876: (75,-140,58620689655172,119,75862068965517)|(47,-129,113)|(59,-152,94)

edge=(957,960) count=1
  v0=(65,-118,-138)
  v1=(56,-91,-152)
  tri 1892 patch=920 side=B source: (75,-108,625,-149,875)|(65,-118,-138)|(56,-91,-152)
  SideSummary=B-only (A=0, B=1)
  triangles using this edge:
    tri 1892: (75,-108,625,-149,875)|(65,-118,-138)|(56,-91,-152)

edge=(708,960) count=1
  v0=(73,-75,-169)
  v1=(56,-91,-152)
  tri 1895 patch=923 side=B source: (75,-100,11999999999999,-155,8)|(56,-91,-152)|(73,-75,-169)
  SideSummary=B-only (A=0, B=1)
  triangles using this edge:
    tri 1895: (75,-100,11999999999999,-155,8)|(56,-91,-152)|(73,-75,-169)

edge=(840,962) count=1
  v0=(63,-173,-52)
  v1=(47,-157,-69)
  tri 1905 patch=933 side=B source: (63,-173,-52)|(47,-157,-69)|(75,-169,-77)
  SideSummary=B-only (A=0, B=1)
  triangles using this edge:
    tri 1905: (63,-173,-52)|(47,-157,-69)|(75,-169,-77)

edge=(961,962) count=1
  v0=(59,-152,-94)
  v1=(47,-157,-69)
  tri 1906 patch=934 side=B source: (75,-169,-77)|(47,-157,-69)|(59,-152,-94)
  SideSummary=B-only (A=0, B=1)
  triangles using this edge:
    tri 1906: (75,-169,-77)|(47,-157,-69)|(59,-152,-94)

edge=(957,963) count=1
  v0=(65,-118,-138)
  v1=(47,-129,-113)
  tri 1911 patch=939 side=B source: (74,99999999999999,-140,58620689655172,-119,75862068965519)|(47,-129,-113)|(65,-118,-138)
  SideSummary=B-only (A=0, B=1)
  triangles using this edge:
    tri 1911: (74,99999999999999,-140,58620689655172,-119,75862068965519)|(47,-129,-113)|(65,-118,-138)

edge=(961,963) count=1
  v0=(59,-152,-94)
  v1=(47,-129,-113)
  tri 1914 patch=942 side=B source: (75,-141,6470588235294,-118,4705882352941)|(59,-152,-94)|(47,-129,-113)
  SideSummary=B-only (A=0, B=1)
  triangles using this edge:
    tri 1914: (75,-141,6470588235294,-118,4705882352941)|(59,-152,-94)|(47,-129,-113)

